-200.0
-200.0
-200.0
-200.0
-200.0
-200.0
-200.0
-200.0
-200.0
-200.0
-200.0
-200.0
-200.0
-200.0
-200.0
-200.0
-200.0
-200.0
-200.0
-200.0
-200.0
-200.0
-200.0
-200.0
-200.0
-200.0
-200.0
-200.0
-200.0
-200.0
-200.0
-200.0
-200.0
-200.0
-200.0
-200.0
-200.0
-200.0
-200.0
-200.0
-200.0
-200.0
-200.0
-200.0
-200.0
-200.0
-200.0
-200.0
-200.0
-200.0
-200.0
-200.0
-200.0
-200.0
-200.0
-200.0
-200.0
-200.0
-200.0
-200.0
-200.0
-200.0
-200.0
-200.0
-200.0
-200.0
-200.0
-200.0
-200.0
-200.0
-200.0
-200.0
-200.0
-200.0
-200.0
-200.0
-200.0
-200.0
-200.0
-200.0
-200.0
-200.0
-200.0
-200.0
-200.0
-200.0
-200.0
-200.0
-200.0
-200.0
-200.0
-200.0
-200.0
-200.0
-200.0
-200.0
-200.0
-200.0
-200.0
-200.0
-200.0
-200.0
-200.0
-200.0
-200.0
-200.0
-200.0
-200.0
-200.0
-200.0
-200.0
-200.0
-200.0
-200.0
-200.0
-200.0
-200.0
-157.0
-200.0
-200.0
-200.0
-200.0
-200.0
-200.0
-200.0
-200.0
-200.0
-156.0
-161.0
-200.0
-200.0
-200.0
-200.0
-195.0
-200.0
-200.0
-155.0
-165.0
-167.0
-193.0
-200.0
-169.0
-153.0
-159.0
-200.0
-200.0
-189.0
-171.0
-200.0
-200.0
-197.0
-148.0
-192.0
-200.0
-169.0
-200.0
-200.0
-200.0
-200.0
-200.0
-168.0
-166.0
-200.0
-152.0
-200.0
-190.0
-200.0
-170.0
-165.0
-200.0
-197.0
-161.0
-200.0
-200.0
-116.0
-200.0
-200.0
-200.0
-139.0
-163.0
-192.0
-166.0
-150.0
-159.0
-200.0
-158.0
-176.0
-164.0
-137.0
-166.0
-165.0
-122.0
-195.0
-140.0
-172.0
-200.0
-150.0
-200.0
-200.0
-160.0
-174.0
-115.0
-165.0
-116.0
-160.0
-192.0
-185.0
-120.0
-120.0
-123.0
-171.0
-156.0
-169.0
-120.0
-162.0
-200.0
-200.0
-147.0
-188.0
-150.0
-116.0
-156.0
-164.0
-195.0
-174.0
-115.0
-165.0
-112.0
-125.0
-154.0
-200.0
-150.0
-122.0
-161.0
-126.0
-122.0
-161.0
-146.0
-117.0
-114.0
-169.0
-158.0
-172.0
-186.0
-118.0
-115.0
-152.0
-180.0
-151.0
-113.0
-112.0
-157.0
-200.0
-152.0
-118.0
-108.0
-115.0
-156.0
-112.0
-115.0
-117.0
-165.0
-171.0
-197.0
-157.0
-159.0
-200.0
-122.0
-161.0
-167.0
-170.0
-118.0
-108.0
-113.0
-157.0
-186.0
-171.0
-114.0
-174.0
-193.0
-152.0
-112.0
-116.0
-110.0
-161.0
-173.0
-114.0
-169.0
-113.0
-113.0
-155.0
-110.0
-164.0
-166.0
-111.0
-153.0
-154.0
-115.0
-162.0
-154.0
-113.0
-163.0
-117.0
-113.0
-110.0
-107.0
-159.0
-153.0
-117.0
-114.0
-109.0
-149.0
-115.0
-115.0
-112.0
-112.0
-123.0
-156.0
-200.0
-118.0
-113.0
-157.0
-111.0
-110.0
-155.0
-112.0
-140.0
-112.0
-167.0
-129.0
-113.0
-108.0
-112.0
-116.0
-146.0
-114.0
-145.0
-115.0
-112.0
-157.0
-114.0
-146.0
-112.0
-153.0
-112.0
-159.0
-112.0
-111.0
-114.0
-150.0
-175.0
-110.0
-110.0
-112.0
-129.0
-117.0
-114.0
-116.0
-148.0
-145.0
-187.0
-179.0
-111.0
-137.0
-149.0
-125.0
-113.0
-112.0
-109.0
-110.0
-155.0
-145.0
-154.0
-116.0
-104.0
-114.0
-161.0
-113.0
-109.0
-114.0
-113.0
-149.0
-110.0
-114.0
-109.0
-158.0
-111.0
-112.0
-110.0
-181.0
-116.0
-159.0
-150.0
-190.0
-111.0
-158.0
-154.0
-113.0
-109.0
-110.0
