-2.1608297596934465
-0.24341405754226025
-0.2413196620081561
-0.21815404249284737
-0.3108787017889089
-0.3085007273510307
-0.28406295182872937
-0.3615598127715881
-0.35932558651922003
-0.3367246435663626
-0.40290607986769333
-0.40087070997419455
-0.3922853634570778
-0.4321518291440375
-0.4299018039646722
-0.42621390394152353
-0.45399513391297114
-0.4514271439807851
-0.44616931403759424
-0.4667024367301962
-0.4639033788112134
-0.4565955424437683
-0.47347661563797777
-0.4705338298624485
-0.45931206264650937
-0.47284428786923755
-0.47021188806627245
-0.4596911089820165
-0.4680803213719268
-0.463140431443946
-0.4506893260367637
-0.4558104048218009
-0.4521100303458737
-0.44103917218045036
-0.4382884915654449
-0.4362782101226171
-0.42890183747494687
-0.42276663659622743
-0.42173406034516675
-0.4112502388197994
-0.2749315393843563
-0.2796449642994508
-0.3057681511005525
-0.29290671237335947
-0.29822810377329406
-0.31969365220896856
-0.31362585195225706
-0.3176058041392215
-0.3349510160780898
-0.33135332550140173
-0.33341475349333116
-0.34741756237901555
-0.3413692383130922
-0.3422119994532879
-0.35094625059723944
-0.33917230096859535
-0.3380864591878321
-0.3389111201139305
-0.32215833027932933
-0.32147718808599474
-0.318755435483689
-0.29193068788332255
-0.29354499588656946
-0.28951871506672816
-0.24988785749784528
-0.25014566226717605
-0.24196057186886125
-0.2801185308815206
-0.2802358288375349
-0.27250417987917636
-0.3368855727305752
-0.3364728563512396
-0.3239457803778517
-0.38346091205893745
-0.38312429563722156
-0.3754344641869563
-0.421239664804627
-0.42153453060478524
-0.4283673807536222
-0.4522459782651373
-0.4524607734062082
-0.46868989148387413
-0.47692181718790533
-0.4765207257304127
-0.498382507365626
-0.4959229770931072
-0.4947866115570066
-0.5228022601022345
-0.5107743348733823
-0.5092494963909453
-0.5380811391696286
-0.5240462317612635
-0.5224338342306527
-0.549663873646524
-0.5350276670854573
-0.5337914998275479
-0.5599375469326501
-0.5437942461684027
-0.5425774637471524
-0.5685375960972388
-0.5488862824262816
-0.5485641252653644
-0.5730168624748764
-0.549984458584715
-0.5503712945072857
-0.5743544551246845
-0.5497835500919382
-0.5501060494368059
-0.5720157621469024
-0.5450156697729622
-0.5454431464051072
-0.5642352688123855
-0.5346790047065245
-0.5356216784017094
-0.5529141605771805
-0.5188201102601862
-0.5193262714018241
-0.5360766373204909
-0.49220086426431237
-0.4940915796730389
-0.5054348121716856
-0.4560018061865187
-0.45901016690733965
-0.46648586576289386
-0.4097867113953819
-0.413196295839442
-0.4194582641005526
-0.3538837010338313
-0.3582111059089916
-0.3615015174335843
-0.30248214092105374
-0.302097608614464
-0.2898461380314152
-0.3713845713194464
-0.37006637630336875
-0.35321353968504193
-0.4246124303913102
-0.42295761165624857
-0.40770440441991973
-0.4687131176508358
-0.4673679563535813
-0.4682508115278812
-0.5012025869600456
-0.4996210782691441
-0.5058984465941393
-0.5259164209561552
-0.5237572658674076
-0.5285123594435264
-0.5443515945582474
-0.5405967864251151
-0.5458187107148692
-0.5562316037345929
-0.5541374087183294
-0.5568425977876756
-0.5670616151987002
-0.5652319585908059
-0.5665002630631584
-0.5764233275163003
-0.5718589368151707
-0.5746469918620877
-0.5805748746723124
-0.5751434853976096
-0.5817793000204813
-0.579980681045515
-0.5768464884820644
-0.581081119447099
-0.5787025073078014
-0.5764137342721047
-0.5826174207157037
-0.5738687739279034
-0.5717005939637313
-0.5813073493320637
-0.5650789395536286
-0.5633589228039957
-0.5766403328998184
-0.5517213595844803
-0.5511993293977342
-0.5699539671866523
-0.5335575840060498
-0.5333212213360716
-0.5596652132233534
-0.5076473205310839
-0.5103485159628212
-0.5354551820869646
-0.4763505537461415
-0.48305744034986947
-0.5023613368225585
-0.4467492897660082
-0.4485237295812906
-0.4672514437324916
-0.41348680802970256
-0.41091701843261463
-0.427270656342162
-0.5932100865130376
-0.5932094580516668
-0.5753880668320528
-0.585222249865938
-0.5843144453347145
-0.566840895425463
-0.5772627457296353
-0.5767983591865479
-0.5584440929869061
-0.5695918661565537
-0.5691051048326301
-0.5518392527424243
-0.5612363155084154
-0.5605673077720743
-0.5449178943860232
-0.5527776254179436
-0.5525760555116013
-0.5370754372994921
-0.5444817342084498
-0.5443407699082733
-0.5293909897727428
-0.5350213486431227
-0.5359228149912905
-0.5228535258973788
-0.5216145838967676
-0.5227632855450881
-0.5123362126281686
-0.5066996836713606
-0.5081947838566088
-0.49957087252378773
-0.4894051519841426
-0.49168307568644637
-0.4844268836164803
-0.4713318274667031
-0.4741684331210623
-0.4691378681701239
-0.453534011816888
-0.45608592028246736
-0.4523891241524359
-0.2912035325597896
-0.28639242304021584
-0.270472616463345
-0.3104726050817578
-0.30654674034605983
-0.2898822398204127
-0.3345414597508218
-0.3302622567130375
-0.3138013975322137
-0.35815748974434564
-0.35401866822533073
-0.33651353204100914
-0.3813244110190405
-0.3779508986170804
-0.3610285201540415
-0.40117859926759825
-0.39917687700191873
-0.3823364176475785
-0.4179920084488936
-0.4174129033123346
-0.4004131673513262
-0.43341509221663144
-0.43343327481124905
-0.41751517050396564
-0.4488949061271824
-0.4488411298346735
-0.4328471982575546
-0.4626557694657023
-0.4625133918513496
-0.4455765115189129
-0.473631936951114
-0.47416293096157613
-0.45732784781203245
-0.4854373976605527
-0.48613248563839206
-0.4701935889917054
-0.4990912454222753
-0.49902598188994307
-0.4839907070350199
-0.5107520924074891
-0.5102337694595378
-0.49900181690192463
-0.5215784835227683
-0.5204768792545301
-0.5109281877652196
-0.5303160054592498
-0.5293036180556882
-0.5233990098963228
-0.538134844333497
-0.5370412984570591
-0.5329233353079352
-0.545887619850789
-0.5446645695869845
-0.542095856277039
-0.552510114154401
-0.5514260544316278
-0.5499094226157465
-0.5575808635782031
-0.5566962679905252
-0.5568262761244689
-0.5623722060895615
-0.561412908706756
-0.5610612779306731
-0.5653419261439718
-0.5643467415621272
-0.5635190677963269
-0.5681013604000255
-0.567470480167856
-0.5651836529301695
-0.5698377646862809
-0.570135103580784
-0.5667517830392386
-0.5708662888467889
-0.5719479497368363
-0.5682420883103233
-0.572006916043948
-0.5730708676260639
-0.5686128430053553
-0.5708914004084098
-0.5733336095703052
-0.5687605154005585
-0.5715474614459226
-0.5733783509140301
-0.5683036650544173
-0.5710852627092633
-0.573218078026469
-0.5663588785912967
-0.5727541716376681
-0.5752590874298189
-0.564551669104599
-0.5747632868277954
-0.5765475193794183
-0.5634962082505673
-0.5773401744407928
-0.5770987736615253
-0.5631352591763366
-0.5791534042899047
-0.5789736488266133
-0.5645256391055135
-0.5822563095889192
-0.5815619538788427
-0.5664879250352333
-0.5847187208260692
-0.5837312032791967
-0.5686296546417542
-0.5863464155646855
-0.5866713919070288
-0.570495761223671
-0.5889585925873074
-0.5885981730613615
-0.5731315048500619
-0.5903350535107983
-0.5902369431864352
-0.5753758243528654
-0.5912752201062407
-0.5914067701198685
-0.5769374431508636
-0.5923299106442508
-0.5929268337687269
-0.5795059588498415
-0.5925440160610361
-0.5935166522568925
-0.5806633463893242
-0.5927627113742056
-0.5942263207451145
-0.5798484026200452
-0.5926628742273986
-0.5934493154895084
-0.5788455477756914
-0.5910030831329797
-0.5920432170368298
-0.5771983877893766
-0.5890834328797461
-0.5897180847930736
-0.5747971193499459
-0.5851979838673004
-0.5873310355315322
-0.5689190787302105
-0.5787860225715101
-0.5821673829901048
-0.5642356686551951
-0.5730062076618041
-0.5767280422615504
-0.5594879572413869
-0.5695364829882889
-0.57434331502991
-0.5540706942946666
-0.5743799165712876
-0.573311025288088
-0.5538451621232751
-0.5858813046838907
-0.5795087748008034
-0.5613922073118149
-0.32734147479324427
-0.32573760529656115
-0.30798559942434967
-0.35671286987131784
-0.35549251841913454
-0.33577830867861835
-0.3854572342232376
-0.38398818885019864
-0.36261022839102464
-0.4093102102128746
-0.4080289647472572
-0.385671246380335
-0.4319459459626255
-0.4307474433896056
-0.407451609322899
-0.4544440778741876
-0.45221361982421737
-0.42907524379865797
-0.47331028730156954
-0.47185434208008287
-0.4480628057795631
-0.49153733910342223
-0.49036648895709894
-0.4693490178405813
-0.5105332872491574
-0.5092420870423021
-0.49364074446168715
-0.5262401725210131
-0.5257389100980021
-0.5178551430969278
-0.5413311131687972
-0.5409727175512028
-0.5357678802389507
-0.5549008835129567
-0.5538242237935309
-0.5525641771984843
-0.5671562500560159
-0.5667072059987682
-0.5703143147385175
-0.5792183793658818
-0.578929622887927
-0.582907259610395
-0.5911959577588313
-0.5900227718232608
-0.5944593010002721
-0.6005721872664754
-0.5999528829629877
-0.6070306345951412
-0.6095579514636468
-0.6086854760872221
-0.6146502231754973
-0.6173978731992542
-0.6166276980430314
-0.6238367878522257
-0.6246212523114467
-0.6244908775380708
-0.6338567566053955
-0.6318762111132025
-0.6308326396983756
-0.6430649627880616
-0.6389244968317566
-0.6375744144344921
-0.6514302281904935
-0.6430942322842007
-0.6426957378578868
-0.6549879292707365
-0.6484180313952217
-0.6475834946057973
-0.6618640378865644
-0.6539128842719235
-0.6536346520990207
-0.6677926223421173
-0.6578217142346443
-0.6576976085837936
-0.6738580066309221
-0.6616153407029897
-0.6607804503057478
-0.6767061603862733
-0.6663792661548249
-0.6651554431534247
-0.6794025565415868
-0.66928496002045
-0.6685463415487726
-0.6817585869398102
-0.6724559245848492
-0.6716428365751237
-0.6868847374049024
-0.6746336547711029
-0.6748683172411939
-0.688343120522569
-0.6760464592589934
-0.6766966577592927
-0.6915236826120433
-0.6776071758384007
-0.677444253575768
-0.69527651636242
-0.6783745175846729
-0.6789191080845502
-0.6965647986974131
-0.6784843525407693
-0.680710596697907
-0.7001678125031497
-0.6787452390508459
-0.6816062160351828
-0.6972244414642812
-0.6807667270692866
-0.6845891907581022
-0.698194822652854
-0.681064330611728
-0.6854794778542496
-0.7008289539105738
-0.681482501522542
-0.6858865255265474
-0.7011633236151306
-0.6825576808949747
-0.6866203173555729
-0.6990311556158368
-0.6825590922349479
-0.6863767792859773
-0.7019593965359667
-0.6819471702039587
-0.6866652020233076
-0.7005164760672923
-0.6803285667848514
-0.6858312357230794
-0.6969626683599002
-0.6800926279510855
-0.6839715745095729
-0.6947552727840328
-0.6770068268075803
-0.6818817751895035
-0.6920975968040357
-0.6774989093661051
-0.6790797977948888
-0.6888738786440658
-0.6760240564442415
-0.6785515991759756
-0.6892816912957148
-0.6737046480512143
-0.6743477310215902
-0.6881465840341386
-0.6693280848344804
-0.6713321830065645
-0.6810893909651822
-0.664333059167052
-0.6652972299861106
-0.676870706276367
-0.6614567600875262
-0.6582153198228934
-0.6716891948532773
-0.6538996636935045
-0.6534278863159126
-0.6631755625268873
-0.6469934896925055
-0.6467033686061708
-0.6543968564505293
-0.637498218163039
-0.6359395523939845
-0.6417613604952288
-0.626021563302523
-0.6242728662820747
-0.6305357125270067
-0.6146264337963769
-0.6117740347280808
-0.6165115122339352
-0.5992780392437476
-0.5980389739373945
-0.6019455886750378
-0.5843580716612639
-0.5830818323048023
-0.5869989275411743
-0.5680125935330452
-0.5666772161516329
-0.5702003187613609
-0.5497231239956322
-0.5489443404190282
-0.552506371797488
-0.5302639381827399
-0.5293643186737006
-0.5324857856036128
-0.5088147488442761
-0.5096467164565058
-0.5130249668359872
-0.48792457079425283
-0.4885618000530762
-0.4910886603433618
-0.46399396544978994
-0.4643777461191018
-0.46715307951022667
-0.43802015938831645
-0.43834262438979343
-0.4398100527728695
-0.40417347962526556
-0.403175711685071
-0.3942604364080125
-0.3830626231470798
-0.3816616843271269
-0.3728405070757019
-0.35780850959731225
-0.35668014605496023
-0.35164613261563327
-0.32790205592198407
-0.3273360065993662
-0.3265918542063513
-0.3004255738806657
-0.2997781397581355
-0.30060882233687575
-0.27033482977658196
-0.26900380175305166
-0.2745713871915031
-0.24108386191824943
-0.24074236482779016
-0.24832825653492185
-0.21263083706768618
-0.21246144499217673
-0.22049688540620302
-0.1846123848873747
-0.18534732667182158
-0.19490305948541273
-0.43311543689320386
-0.43603737512993956
-0.43323140975053465
-0.4126782247623211
-0.4149783681263548
-0.4126362251477366
-0.38764275430419004
-0.3903499661363172
-0.38697513541315876
-0.3629906203797657
-0.36578494242160936
-0.3627377563490876
-0.33898322956649124
-0.34114159027761853
-0.3368330379260819
-0.31804054123935943
-0.31888248638752226
-0.31413767897176
-0.3002383934173734
-0.2995690262569941
-0.2942957796298292
-0.2837084971277716
-0.28221209849786144
-0.27572603281943675
-0.2670115669800802
-0.26577520223051876
-0.25905889396874027
-0.3497960289707758
-0.35188979604351284
-0.35723402433920376
-0.4009776005660302
-0.4010660998779392
-0.3977213797353256
-0.19900704862933663
-0.1986954675675009
-0.19088662638869533
-0.2188704706038381
-0.21704798152083157
-0.20305015167101098
-0.2643251099094836
-0.26242595905540106
-0.23855389964944845
-0.29029891597095653
-0.28846108078470795
-0.26589692638680756
-0.17247570920562386
-0.1685917563681908
-0.13412155096965062
-0.24047571711645888
-0.2382419051214259
-0.21461831881631302
-0.14150722772483118
-0.13988827892468117
-0.1279964554372371
-0.2196180348915417
-0.21715698871799588
-0.19268201232368914
-0.1614758648127413
-0.16002178218702923
-0.14690061449073827
-0.19830611910639467
-0.19743938650080073
-0.17322119355606272
-0.12841813072115874
-0.12481356119990619
-0.08659371839078114
-0.17938345527952504
-0.17788563024858098
-0.153200607362187
-0.2553239818688899
-0.26078043952476493
-0.2878929645899873
-0.27156479918343956
-0.26729448430808894
-0.2520610957139316
-0.23783040692211382
-0.24184343360242005
-0.269991699394203
-0.254541523498043
-0.249796341532639
-0.23596769883412777
-0.27228114590674346
-0.2744499107649571
-0.2736500702191476
-0.3716062054879568
-0.3713111867553654
-0.3699286704810593
-0.1825372385841818
-0.18227756301381737
-0.17307233163974053
-0.3428618411360364
-0.3428155163242998
-0.34309675076865226
-0.2743435480770246
-0.27581371798368476
-0.2827779435967347
-0.31900886514639665
-0.3187747404272411
-0.32003573277934066
-0.20595560312134872
-0.2070323973581585
-0.20992171949128938
-0.29637312939664556
-0.2960562617848925
-0.2982553698367771
-0.13674636422053868
-0.1376900746103381
-0.1333820674341827
-0.27387499748508437
-0.2745900853502812
-0.276631735361017
-0.21570293295804313
-0.21747277266732684
-0.22171944942054367
-0.2550087880577037
-0.2549493630944147
-0.2576441733801109
-0.08239918209270651
-0.08042787555869682
-0.06415583448332632
-0.07116854504510789
-0.06975065350568431
-0.05522914741323189
-0.0958943285707556
-0.09593571522634115
-0.08165773186763914
-0.16191961449419778
-0.16015275451597513
-0.135453867832025
-0.21859141006656857
-0.2225993074667328
-0.24997650458796794
-0.2372158867427036
-0.2329269626594361
-0.22131024781265915
-0.15454097389859592
-0.1564322656477807
-0.1597346490116009
-0.23678173625585064
-0.23685344469481387
-0.23927137564510575
-0.1576081591047384
-0.1581921396240482
-0.1677589546453496
-0.2522473854169256
-0.2508849235166905
-0.24507246780461012
-0.09463922631218745
-0.09269278389264221
-0.07731351315926063
-0.11728245379736527
-0.11431605952995282
-0.10176500672522665
-0.14631142384848406
-0.14366974839295849
-0.11860493251534719
-0.20000494404874516
-0.20413427236454337
-0.23084738925174073
-0.22039106436873415
-0.2172740787026506
-0.20633744146956357
-0.10240736422729936
-0.10382269177914787
-0.10461061749717972
-0.21821666673580012
-0.21837611991017236
-0.2219177273904169
-0.16683067734502863
-0.16865514409932078
-0.1715853151807422
-0.20243689817245408
-0.20220864720564297
-0.20638124611454808
-0.10516324094346458
-0.10319867807330077
-0.09130943442814646
-0.24025586910439492
-0.2383559131504478
-0.23252270306266487
-0.06070701376589974
-0.05885292692231137
-0.04591473052861597
-0.09650997858224403
-0.09118210132540816
-0.05129580649693493
-0.1323650854556289
-0.12866095788247306
-0.10334783950946476
-0.18467261054214396
-0.18709799025393842
-0.21424278178874803
-0.20639967563924472
-0.20365268936582806
-0.19383807658764973
-0.11399600393644177
-0.11570717428285754
-0.12015064693082242
-0.18744077418883454
-0.1873441643808915
-0.19185263234419972
-0.0782759939433086
-0.07915758329840429
-0.08211080201972276
-0.1738426051719778
-0.17464561339421297
-0.17963027769951237
-0.13509262816093026
-0.13515723507714725
-0.14121326863451855
-0.11334244241255516
-0.11216790280654547
-0.10394144105459019
-0.22779494259824976
-0.2255153737061147
-0.21964979062188641
-0.11852532768378278
-0.11736151325965134
-0.11042851144620697
-0.2131953833995473
-0.21208812763215104
-0.20633050361377858
-0.12319093292563606
-0.12196516990331589
-0.11389761689852024
-0.20129153769419858
-0.20052358878031995
-0.19345022811064413
-0.05223569237373166
-0.04983772653688064
-0.039369893858561635
-0.11811675651622885
-0.11487611841458915
-0.08872081877244437
-0.08249933120332235
-0.07913869586138017
-0.0625926718441914
-0.1062182319825592
-0.10237728686059462
-0.07438790871112748
-0.061900432341376946
-0.06097782387984713
-0.04314704730204747
-0.07109896583294993
-0.06609273067722421
-0.02252774090228895
-0.09520642272720663
-0.09057735715900903
-0.06244058441231653
-0.03867831121709555
-0.03555184888819876
-0.00847003289673485
-0.08471937335202327
-0.07978624567435531
-0.04931917697134442
-0.16961761664622316
-0.17216190799543965
-0.1956758666242258
-0.19329772671615403
-0.19088089018320828
-0.18285345326229335
-0.1290708490591766
-0.13132260867872725
-0.1338578118120426
-0.1616564807240561
-0.1618349866904745
-0.1674248815332672
-0.1144525001856938
-0.11334747089956936
-0.11570834956729599
-0.12378242796707527
-0.12365256684256345
-0.11437131646111669
-0.18977372047194377
-0.18977807660027168
-0.18275508355093856
-0.04322830485993332
-0.04123640990110536
-0.03584550651146695
-0.157918815581253
-0.16058749872685762
-0.1772612141616258
-0.1838373411508287
-0.18246293526622615
-0.17631598938693005
-0.1465770533535055
-0.14852573898220342
-0.16086132055754773
-0.17554144994133583
-0.17422764966289772
-0.16863154186018034
-0.13500442091197928
-0.13680540203409686
-0.1441004107969939
-0.16708275985086463
-0.16623639740242402
-0.16078908477364803
-0.12333409265331839
-0.12486820012380892
-0.12556977963985078
-0.15872720920272426
-0.15769860034186928
-0.15386772641724827
-0.0840823204999999
-0.08575827189967726
-0.09262819384674564
-0.1497261029852506
-0.1496824691561552
-0.1567349400158573
-0.09853383321478645
-0.10140455415137169
-0.10298128705724058
-0.05908167412085432
-0.0595135445565185
-0.06687093149605347
-0.13769867757894538
-0.13850837534508656
-0.1456424259581078
-0.12823960085035419
-0.1286121788782473
-0.13618774115757945
-0.06094221447736711
-0.06459199557820895
-0.07118783088959288
-0.11954403419738996
-0.12016636219904231
-0.12836667620384792
-0.09467005571576405
-0.09472661437249959
-0.09590199216757114
-0.1247819897579463
-0.12518451294740549
-0.11343958809837959
-0.18003633251548742
-0.18011460050277261
-0.17132479387833435
-0.12368451644552016
-0.12573155981370987
-0.11155605030812793
-0.17114236967253246
-0.1714083819361876
-0.16285449315059325
-0.12202110148050269
-0.12330234675172343
-0.11004070099154267
-0.1623614746845732
-0.16296191741271646
-0.15497211287514256
-0.11830130149957248
-0.12081848316527069
-0.10772035075087343
-0.15465201212238391
-0.15528931017409967
-0.14749472601364166
-0.05700700639549487
-0.053429979558644904
-0.03024668986742612
-0.07680597864144753
-0.0714237297064248
-0.03871522030230331
-0.03565663301478561
-0.03376327171333732
-0.03416196367781302
-0.052323609453923836
-0.04800736680130569
-0.0007189543534155885
-0.061450683020682365
-0.056155256819279784
-0.022478512816488373
-0.06832214896473846
-0.06347334186967275
-0.02896921783044227
-0.02370076251439929
-0.019938360471797142
0.015277851939906184
-0.03900736286883666
-0.03557883473949464
-0.009649700496646482
-0.05577184145028906
-0.0500403282035677
-0.015709908489578293
-0.11227640122950305
-0.11506573756588279
-0.10559542272941749
-0.14835323541324522
-0.14885245571074246
-0.1396985745587451
-0.03961190484835676
-0.03466029853290956
0.007467042402812356
-0.049939645475510545
-0.04428256490103485
-0.00845796436878442
-0.11175047452998167
-0.11252875556086371
-0.11133816221320025
-0.15105632962964294
-0.1500053459879522
-0.1472628861727678
-0.09843150842396672
-0.09952823739622804
-0.10160829455160626
-0.14309682549334055
-0.14248925983978517
-0.13886608373421172
-0.08392741725098431
-0.08441794328840613
-0.08983155693150098
-0.13510898884623962
-0.13359424712283283
-0.13031891232762338
-0.051181571595254695
-0.04917630383442686
-0.040487355396122575
-0.04466531706937303
-0.04296102244355695
-0.03725778918260579
-0.03930585509966061
-0.03747659042708817
-0.03592472395956778
-0.03560622082742527
-0.03355350310632229
-0.034795930933806236
-0.045556183815315225
-0.045899543626934436
-0.055350447715761496
-0.11168637367983786
-0.11210316171614561
-0.1204434471390525
-0.07699255099771753
-0.08047639754482508
-0.08163529933199093
-0.10456547448725056
-0.10439458840967512
-0.11381119475150604
-0.0781006047685625
-0.07854531236766295
-0.07738835293282757
-0.10911294632599547
-0.11367955738038943
-0.10236335484826999
-0.14262150824800196
-0.14265426886306895
-0.13388576348636366
-0.014892826691652317
-0.011456390932786886
0.027385166516088154
-0.04491466204723451
-0.03875542209770612
-0.003583290099270466
-0.0667751854152915
-0.06781270406592857
-0.07836554165327844
-0.1267274734712778
-0.12478102028660662
-0.12220020608231096
-0.06762476641355906
-0.06539225687141545
-0.04852546381344565
-0.11816996660445085
-0.11676480747182735
-0.11460988379904972
-0.05995228805598613
-0.05696831622067811
-0.04383466442903262
-0.032585631664879086
-0.030512378011747596
-0.033567069721224835
-0.044613579610221235
-0.049044710062606675
-0.056036234146821115
-0.09722681728923507
-0.09790424221027921
-0.10718885406273349
-0.035237419856819954
-0.03625309227717634
-0.04568485375817709
-0.09001656259011341
-0.09118098571546898
-0.10026386413263876
-0.05966866254728027
-0.06457663609819553
-0.06552614511851981
-0.08536235200433297
-0.08574552987212263
-0.09586065438720369
-0.02847666894599144
-0.025373197821570607
-0.028722553003041787
-0.07369217038468831
-0.07238530172581585
-0.05392007076519475
-0.10904450212796055
-0.10910878511974345
-0.10830058841816971
-0.029705767635568054
-0.02720762472687545
-0.03320645410033896
-0.06585694654423568
-0.06610927423956896
-0.06415225560525745
-0.10907101476004108
-0.11237254207296941
-0.10126596988342786
-0.13814839206711893
-0.1378020826542163
-0.1291362903920414
-0.1063520168983939
-0.11093532896362202
-0.10194729413323536
-0.1337993886239098
-0.1329638664855948
-0.12449047584324191
-0.026178290580055674
-0.023104765075530127
0.005277999188956041
-0.04034688503170306
-0.03429002156613404
0.002502953901472993
-0.02959402380420676
-0.02422105203034455
0.01151322511424264
-0.0365157541084495
-0.02993146441023112
0.008149589827959065
-0.022242004601223934
-0.01858356948431027
-0.025136856601120958
-0.031860197556000974
-0.02562756572717483
0.013123607748064172
-0.016975779209434855
-0.014255388494163806
0.017442084326867738
-0.0277379291930131
-0.02227942893114002
0.01729839210798873
-0.008573239870228188
-0.005847185949932596
0.03922786504135382
-0.02042936459851186
-0.016418462126083583
0.01665672990120013
-0.02415734358187783
-0.019366010321084946
0.022648672300316093
-0.05054520019089157
-0.051372550600411966
-0.06608441998560424
-0.03535233174327206
-0.03672348339392754
-0.05438051765297513
-0.023521333578383232
-0.0241973563936829
-0.04148191000078928
-0.10126679453942143
-0.10225491099927571
-0.10070015293057247
-0.07884377383042869
-0.07981148551125636
-0.06393011187594883
-0.0942997264849241
-0.09510670328721874
-0.09393580433981992
-0.07674118517803612
-0.0788850900437843
-0.07108742979746002
-0.07774546096103807
-0.0780575546055927
-0.05921824292978323
-0.08697928558834445
-0.08827038051710408
-0.0873868620566339
-0.07451503992261022
-0.07746386278335518
-0.07634136273280148
-0.08174113302113403
-0.08349502027090827
-0.08070264432964731
-0.07336200787980313
-0.07511460245456354
-0.0808875705610434
-0.07780133321766332
-0.0791136426760867
-0.07593118642588705
-0.027572923489533194
-0.02391819086484994
-0.03217589541951513
-0.032971338724075934
-0.03629018034343218
-0.04507377058584769
-0.07997490339891064
-0.08076767521204375
-0.09058384343641303
-0.02758720916807701
-0.02902132911309233
-0.03914726477543731
-0.07402489552736102
-0.07461996407431307
-0.08539952868870593
-0.045853941878683406
-0.051226158530320996
-0.052486918534071766
-0.06946237232354759
-0.07014501420629232
-0.08043225321457995
-0.05469693937153779
-0.05477684100463064
-0.054210247467949224
-0.10743754219925346
-0.10832836097360635
-0.10234485785800357
-0.1303490187921997
-0.12840297310327475
-0.1202390131379885
-0.10876776599501944
-0.1097313673971755
-0.10741356913586358
-0.12737875948990834
-0.12456375087539778
-0.11607642218546142
-0.10920223190038157
-0.10805610730130377
-0.10870750953348583
-0.12413191078955177
-0.12143300192769588
-0.1123739866883048
-0.1078283207146782
-0.10522940777740739
-0.10909211981670781
-0.12252532282118807
-0.1182050770859735
-0.10889929822410781
-0.10359426980134319
-0.10068385230327075
-0.10623822880862603
-0.11929080400760333
-0.11520310643084872
-0.10442803824496856
-0.02171831656150407
-0.02579475687450261
-0.036436346529053816
-0.0652542694843093
-0.06668373568439893
-0.0770590583792162
-0.09887125388827211
-0.09509377910052862
-0.10060893455364006
-0.11667745450492109
-0.11225154119981902
-0.1017976261436292
-0.09208060790852751
-0.08839126536854082
-0.09473005371772183
-0.11256302560513952
-0.10809179825345244
-0.09873581233237982
-0.020482417696612187
-0.019700532884911626
-0.004005758614658158
-0.017879869047650335
-0.01715776209929049
-0.0011886915899893447
-0.016310155818768258
-0.014519254127578082
0.0018605171005226658
-0.014808926973092896
-0.012925451312622769
0.0002431481294651813
-0.016415464345742026
-0.013036767246428962
-0.021013283104289657
-0.010886269682418499
-0.00854631477606575
0.02655730794759732
-0.0192976465878582
-0.013970252065776716
0.029870246034892946
-0.02128662453443358
-0.016390993020741918
0.027494236169843495
-0.014477219887406795
-0.010575253382608847
0.020388708340759495
-0.016362068384954374
-0.011479487447696658
0.03377227067884099
-0.011748668714003777
-0.009022025220174111
-0.016762529621228955
-0.006258082339363497
-0.003919856069533589
0.03248864935532648
-0.01173182187753161
-0.007561217503558543
0.0376991667883344
-0.013948813157856859
-0.009498211438784399
0.03689229987654607
-0.02569368945705256
-0.021168893773926962
-0.030334509268683828
-0.02118880779112489
-0.022843752959405408
-0.033182171946170645
-0.05959885561322058
-0.06191910963467387
-0.07365903626571604
-0.034219656430677224
-0.042873541510768096
-0.04451796545621304
-0.05596922005460218
-0.058337806838722445
-0.0707342941722521
-0.04632620341420659
-0.04549342800738954
-0.046166483682344425
-0.08450255358043635
-0.082496510815838
-0.08660712951708782
-0.10827043687585013
-0.10476930096559585
-0.09648758045228818
-0.07806598403659137
-0.07682319270436727
-0.07992324008056419
-0.1033558329147194
-0.10137518597494195
-0.09408190490709717
-0.026641394843344077
-0.02656595261637504
-0.019864107297839308
-0.09875120604001295
-0.0968425659286838
-0.09175407099139042
-0.025289848878128195
-0.024551993270574654
-0.014158664826533036
-0.02376788329541396
-0.022272790149757797
-0.009880450935200463
-0.0709549689988018
-0.07245406232338193
-0.08217218901674513
-0.07333858315121727
-0.0751352855685149
-0.07125821876574923
-0.02360843044486409
-0.018918855675971204
-0.027945334680508183
-0.01197179148314575
-0.019542975065798253
-0.030260634813169453
-0.052513485246142924
-0.054589323531707826
-0.06596676675135009
-0.07210981119666897
-0.07027661331230863
-0.07188996369355109
-0.028387852901497198
-0.028919399584058775
-0.023521779607607127
-0.09376894582795885
-0.09182017998218713
-0.08788799518991178
-0.013496045253117319
-0.011739422139826346
-0.002139796641767061
-0.012571765691815416
-0.010148626109487737
-0.005433400581172803
-0.011081999964746446
-0.008227918416339533
-0.006352614278705818
-0.004325127507738593
-0.00253642207142522
0.04857966319253039
-0.0154559526544952
-0.015295217775962319
-0.03000569246387139
-0.06951381246389926
-0.06934009808435448
-0.08195271262828273
-0.07039038500134659
-0.07189580849748618
-0.06805970258224563
-0.06729276407029004
-0.06679285075288124
-0.08057904345488291
-0.06807183666744897
-0.06982403904703043
-0.06435165170642013
-0.06501767343320168
-0.06431847516975776
-0.07926588816902076
-0.06598371499697071
-0.067653608355763
-0.06160422628306955
-0.021749563623925088
-0.015464265327954349
-0.026216328716039083
-0.015401576547189114
-0.017344206106444406
-0.028845572825299624
-0.04953829184622409
-0.050430509624486766
-0.06309943285307877
-0.01962756714001161
-0.012241928281353495
-0.02397417334507921
-0.04760040152487456
-0.04774916993612043
-0.06047287463229178
-0.01001996149720986
-0.00938529047331973
-0.016184773553238566
-0.06282782125180082
-0.0607480262028206
-0.07601740179602813
-0.06398907174036526
-0.0652594477344364
-0.05832763562633603
-0.03841004782209585
-0.03907535667526843
-0.04047686431954543
-0.06538109292646176
-0.06290078039812827
-0.06436621558230467
-0.030250106204481108
-0.03144146695617812
-0.02688587542421918
-0.08939646492212332
-0.0873213505844791
-0.08413280603196557
-0.031403692848231794
-0.033582686820855
-0.030362808167942235
-0.08532990231233771
-0.08205896994513559
-0.08096290568820372
-0.009850003824064379
-0.006678137629857154
0.02232278087613845
-0.010381924294697387
-0.006734456262570723
0.03980146499947809
-0.008348772778426182
-0.006631014891065039
-0.011212771272361978
-0.008595236050562132
-0.00547326148921525
0.044310425289661
-0.0019535922315182
-1.7863618985183003e-05
0.05322583829029675
-0.003265774565411051
-0.0016221531150924754
0.03576341321953081
-0.006932105813193902
-0.003921704802742122
0.04448891028456881
-0.0001661929308195155
0.0014077309497783268
0.054850333083447944
-0.006080741294779056
-0.003981707883125399
0.02651027078827516
-0.005859804702323149
-0.0034841810146117856
0.04662223998670561
-0.006768426487570125
-0.005710412379886572
-0.004014268514555493
-0.0037279789833659666
-0.002947548195001378
0.005991942399115971
-0.05934460576347284
-0.058211206117687014
-0.07176467687839708
-0.06124806655992297
-0.06311892865546638
-0.056288701820898235
-0.055410560321404845
-0.055321246320376015
-0.06474290328742123
-0.058457700532459536
-0.06079785128332726
-0.054617792706962216
-0.05223783765926037
-0.05134552339896035
-0.05577505556402982
-0.056642757482248104
-0.058073343322334
-0.054248312247803035
-0.04776568620135383
-0.04786707766260348
-0.050122937592035934
-0.05420388961107843
-0.055751151310822214
-0.05294451848595866
-0.04423014261646214
-0.044685361613562076
-0.04399528910346091
-0.05229381994239279
-0.05342157131346799
-0.05133105893453396
-0.04028351386876832
-0.040842924684475805
-0.04178050612282099
-0.05041446502935325
-0.05098749041920067
-0.04942726906277487
-0.035271525765051145
-0.03612907381566287
-0.04007940481132242
-0.047623068003758456
-0.04832974553803016
-0.04848981507624516
-0.008063677325930657
-0.008736209699905888
-0.007335769831072989
-0.006497423767608235
-0.008044313628177407
-0.006859815561365615
-0.010520842844389412
-0.012496651128280254
-0.024052093246760806
-0.005888400093945469
-0.014391458976158587
-0.025394317157115456
-0.04485209481854906
-0.04587527058411982
-0.05705270278396129
-0.04301245196140658
-0.043962892287207095
-0.05363109074683188
-0.016544923645109753
-0.009360638879997345
-0.020826332523372584
-0.002932026504626366
-0.010701694633193395
-0.021090064049081952
-0.04123948676794112
-0.040619846987377285
-0.04984959194618739
-0.03919191201372976
-0.03846303287674582
-0.04828400269487286
-0.01428722508303217
-0.006496181164339262
-0.01739396941424109
-0.007227841323918609
-0.008928927371857864
-0.02053306481112134
-0.03582052641245581
-0.034653296912838694
-0.04521132329515646
-0.03330593158968867
-0.031826015881465476
-0.04177032512564902
-0.027972834384863168
-0.03550724165476692
-0.03649870128721259
-0.02469456312283145
-0.03125920810737994
-0.02902325942281481
-0.019018706506656435
-0.025329834717126208
-0.024376355711407924
-0.004471197876839906
-0.005429132278775688
-0.015721920619238643
0.0005168529678077215
-0.006460327834795819
-0.01661683540074571
-0.03047450545177673
-0.02943769220025529
-0.03831592622338768
-0.026463747876439864
-0.02621313575314933
-0.03654606957873245
-0.012526492922196052
-0.019824896198439683
-0.017957690238231485
-0.024473358589890873
-0.02403593286777962
-0.0312418187935525
-0.03413671529903517
-0.03308630351804236
-0.034253860027779165
-0.032491609117017255
-0.03146624115892684
-0.02957899750007109
-0.028592685088537177
-0.02572436954098083
-0.024678258484035112
-0.0591463587176422
-0.05587988362830087
-0.0572469306077463
-0.05392620946410587
-0.04847628312428055
-0.05060009752026139
-0.04878872600595231
-0.04249307387692447
-0.04545433281688368
-0.04389413339139481
-0.03821295356281463
-0.040785689765425466
-0.08090278223950427
-0.07740768082980885
-0.07795768160265405
-0.07673595528855043
-0.07344783333259629
-0.07404245298591433
-0.03172590425248796
-0.034800465512120606
-0.03418849552708466
-0.03101492363534749
-0.0354654245901947
-0.032971857373794
-0.07305478351266606
-0.07013748732019257
-0.07044190038247727
-0.07000544971805078
-0.06622326305000736
-0.06459679402676655
-0.03284182189715565
-0.03523487976978176
-0.033256763220488705
-0.029739537095798494
-0.0355079174252761
-0.03291817288705573
-0.06770322263078722
-0.06346301387057444
-0.06069198106393394
-0.029250745541431537
-0.03541962946876276
-0.03419060938889927
-0.031825025215939745
-0.0370187289310602
-0.036373713882680896
-0.06516597898372058
-0.06068157593189698
-0.05779887395738747
-0.06231761798065614
-0.0582191041164745
-0.05560321261823716
-0.03211405623355191
-0.03491460695288441
-0.032503348785770346
-0.034716388396254176
-0.03985000560501373
-0.03832155617418578
-0.0595146590086295
-0.055646845461581516
-0.05257740494441334
-0.03741284733134328
-0.04105898960215297
-0.03911590117141369
-0.05749450945839269
-0.0535906001105162
-0.050207215480083056
-0.045242103288701326
-0.04426331158007177
-0.0471051870500235
-0.05614180590362786
-0.05120228912586244
-0.049401038372832204
-0.04905540225105095
-0.04508261297556677
-0.04809386975397397
-0.05523332630283986
-0.04952961889717544
-0.04753550616466217
-0.05210543667091644
-0.04753348182557162
-0.047087935478478365
-0.05404607315804899
-0.047820751913673486
-0.04551886898771692
-0.049235315112914166
-0.042596231861709154
-0.045664181087283734
-0.04973809024302708
-0.043351605024846473
-0.043335696446838594
-0.008536823442761573
-0.006444539238579963
-0.007110453912375148
-0.00562191277747794
-0.004065803685805759
-0.006889010148817723
-0.004672214575404935
-0.002357877479086197
0.04628957808465942
0.0010030904638764898
0.0019142730886500983
0.05264043012038906
-0.007084827307477514
-0.004645537106873325
-0.007046171549119531
-0.0049158768334688204
-0.0032503419416986894
-0.006844150154058571
-0.00188484849754759
-0.0009042340650877951
0.013383562338081521
-0.030462845654850756
-0.031122119654913474
-0.03605171971200035
-0.045285351655625666
-0.045486884829483314
-0.04572319045682315
-0.024972221609033455
-0.025677444649657533
-0.03149798936377923
-0.043001878116464505
-0.04345281949122641
-0.04241949772269998
-0.01895038524600276
-0.020259842214480628
-0.025131887475334982
-0.0405563581450876
-0.04133408594820996
-0.03755047442475341
-0.02476199567339638
-0.023387813094191474
-0.01427483296965102
-0.021605972899084915
-0.021074243733729237
-0.012418586949418529
-0.03748080990574687
-0.038222247829618895
-0.032975275860293786
-0.018029656507431064
-0.017775374841568783
-0.010921508358920836
-0.014822506000774933
-0.014364765174569761
-0.009671470744822873
-0.012351542238707344
-0.01220067172236724
-0.008410410264922752
-0.010130951160584987
-0.0101445657347248
-0.007646762939953822
-0.004675610255917143
-0.007098083496552725
-0.00657874779399377
-0.0038245116730614395
-0.006366458270747902
-0.005698287099028607
-0.0031094312834398694
-0.006264541305796829
-0.004724383085139785
-0.002207073662627195
-0.00555195700182421
-0.004369306994769974
-0.01194686566769479
-0.00421103666933994
-0.013284128555321002
0.00329505539343358
-0.0039241609470165514
-0.012547768358512183
-0.02221456157343607
-0.020772492830106123
-0.02783917539269961
-0.0013420310986549052
-0.0031090422368870306
-0.010609975110133903
-0.02025257938140894
-0.018693040520279914
-0.026042702907765437
-0.0073735970140172205
-0.01473311431491833
-0.014658861470912582
-0.01636624985218735
-0.01720456493775173
-0.02407531412370864
0.0055895304780856645
-0.0021381099587349716
-0.009670011564369467
-0.014796494443244669
-0.014990465574764723
-0.021758972183601306
-0.021992549999599906
-0.020784003474373643
-0.020824148959493808
-0.018910548282753993
-0.015583998283392887
-0.015432727797631532
-0.041328879260178114
-0.03533702180807204
-0.03625340485539243
-0.038990526082703286
-0.030757838459812763
-0.03162493665297249
-0.03796368553498876
-0.027955096445298446
-0.027773808176878162
-0.03534906781606303
-0.0350283539663222
-0.03672946425154919
-0.014485474708564742
-0.020676465399784242
-0.019983339572166997
-0.035769192183537996
-0.03672787241458495
-0.0372519332373507
-0.01571029720410807
-0.022513910087090555
-0.02211456576555015
-0.0012248224955433273
-0.001837444687306319
-0.002131226193383159
-0.00042012436747496183
-0.0016995184482627398
-0.0005224689858015114
-0.0005027751301129167
-0.0007553731631373111
0.002328484640445133
-0.0005861233158733893
-0.00028727008810187075
0.001569066490761447
-0.0005425868563194196
-0.00017075729240482895
0.001755428986844658
-0.0003077791299439923
-0.00023697589480550934
0.0002597667816416262
-0.0035852250667246753
-0.0023204769859329474
-0.00452415432925638
-0.0020808705217544112
-0.000290348497635395
0.03887369714220244
-0.00393479164480628
-0.0015249218877593476
0.025401667825418073
-0.0033496655282813357
-0.000571545067667714
0.0471445249965773
-0.0041471287419459595
-0.0015048783088189278
0.04573557421597164
-0.004399705868755425
-0.002180810901895503
-0.0043635810308112035
-0.0006525802983992437
0.0006130176030728334
0.04075018931565448
-0.002340953591229234
0.0002708476135986324
0.04735461364762665
-0.0030648952842216664
8.044321299574813e-05
0.04678590195238621
-0.002495288346038549
-0.0003800546545618416
0.02599916644135158
-0.0014494651719758214
0.0006604808156465611
0.04805823960581362
-0.002916354148846522
-0.001325238948495268
-0.0001581851120815974
-0.0010349888010834332
0.001038917615585929
0.048583280685826374
0.00022669970796238757
0.0012295270469780105
0.04430506863713306
-0.000381295559990605
0.0014509109988337196
0.047485171871147556
0.001363443303935731
0.0023244589898470795
0.050726276498216934
0.0018813653477630895
0.0023641565640811963
0.048350039881606986
-0.0005319204706329991
-5.631863271356908e-05
0.017478684123339645
0.0005851261165249435
0.0009533768200916371
0.02174285717115913
0.00022093659245591432
0.0004975268685136159
0.020111969198430404
-0.0063029269928353724
-0.006254328007953796
-0.006328733793110854
-0.008909973806144061
-0.010313139686591775
-0.012038384996402052
-0.012718814232350552
-0.014834434735427345
-0.01870044289064279
-0.032180248525772774
-0.032299835620739
-0.024720149466019036
-0.03490235212967435
-0.035265018518219345
-0.028047165535012665
-0.0030865944869009356
-0.0029573380742644022
0.0035775689912227976
-0.004192712889637027
-0.004312867354585342
-0.000626807411758952
-0.02813229188079217
-0.028265628490440488
-0.01871618298245187
-0.030074027022575524
-0.0302920045622642
-0.021388468663895082
-0.023502207550221626
-0.023876480775318586
-0.023410730607723335
-0.002225326540816667
-0.0015795011983962617
0.006966761693496045
-0.02482875714818384
-0.024654880958156215
-0.013051620971308122
-0.02641832633533789
-0.026369358521048714
-0.016032850386266267
-0.022767498317011386
-0.022345508112347735
-0.022814605329704883
-0.023325361021710674
-0.022736527604674008
-0.010759937742638424
-0.021304686186074468
-0.02025833424837504
-0.020685222839043532
-0.022303870186767952
-0.02127590677151508
-0.022431779870754853
-0.024192999794521216
-0.02478985732265246
-0.022999612079762324
-0.02115694908248988
-0.020088340568771918
-0.008302830530285164
-0.02238497636782611
-0.021254981473231793
-0.009182128476460386
-0.019454032953019847
-0.01865359589436537
-0.018155432864357772
-0.02031193291305707
-0.01941926217104857
-0.01969798190351869
-0.025045697393891238
-0.025308290416176087
-0.022293751973674607
-0.019041861353244885
-0.01835402478125245
-0.009929150701147067
-0.02006998082391259
-0.019177218174798016
-0.008639010007492684
-0.018219529980700977
-0.017603289930079036
-0.015188379989877989
-0.01796673738453689
-0.017385486616038264
-0.010983175385017105
-0.015759046568056975
-0.015596828513736824
-0.01187179261787764
-0.016693628044273177
-0.016454405470054743
-0.011082964025482905
-0.016275445257585626
-0.01604634693464181
-0.013254934147104557
-0.016966871364560134
-0.016548749319696802
-0.012023707843516435
-0.015135891024545092
-0.014928179929095061
-0.013768284998656493
-0.025881314132938496
-0.02597913720767886
-0.020761661252136094
-0.016032446537450368
-0.015689595652404888
-0.015385768510875305
-0.013729932777664076
-0.01394988859853579
-0.014264839220140161
-0.025877321532937394
-0.02604550761278517
-0.01839141567290816
-0.015086735100470868
-0.015155845829991691
-0.015863599546081773
-0.012395264200148077
-0.012542085399678743
-0.013820028992660063
-0.014431269303764557
-0.014284861062474738
-0.01585642828497549
-0.025992378323530303
-0.02495187883162749
-0.016008780538610552
-0.010699477029530058
-0.011059576120023026
-0.012792535352588836
-0.01341592047664531
-0.01340538980645839
-0.015057999836149938
-0.00889268524891292
-0.00933773765851045
-0.010854465514784528
-0.012412602252010536
-0.012187373109306702
-0.013800886933378761
-0.006942262121602442
-0.00751805628762995
-0.009456409473218748
-0.011195486014869164
-0.01115833186538879
-0.012465775836272067
-0.0042532238932667206
-0.0036402755777588483
-0.003009366363053329
-0.0035199170030976207
-0.0028496354507962516
-0.0029464214185942325
-0.0027164434471152517
-0.00234581368643536
-0.002265464483561109
-0.0020360051036164783
-0.001742775662795995
-0.0020363992923154313
-0.001356802322806792
-0.0012059572314558956
-0.0015987603259416052
-0.0008965555129052722
-0.0007614157233098183
-0.0016174835122188152
-0.0005163986895286518
-0.0004495184209049939
-0.0013831415292269152
-0.0015511676802939455
-0.004288510006096839
-0.004081195285208172
-0.0010000091896149265
-0.0035287151626627895
-0.003884577449967707
-0.00034465206681435947
-0.002499391780418127
-0.0035856740773027706
-0.0004987656548679673
-0.0017769891800451078
-0.0024695920870857566
-0.008992652838170113
-0.0024714506228333986
-0.009416452652796056
-0.0007113463544942408
-0.0010514920265217434
-0.0010355582639598947
-0.006022781106912016
-0.0012000616410293454
-0.006235547970211145
0.0013561956667339499
-0.0015871921001469685
-0.007794513415805666
-0.00045766661095347343
-0.0003207451076664988
-0.0003470130822905993
-0.010473280961465891
-0.013433885813475991
-0.019336054417085042
-0.007380356867798954
-0.00949668390081658
-0.01284199776469306
-0.003103401728544938
-0.0006655542602027169
-0.004373821601900416
0.0028200787285687866
-0.0007474365956328677
-0.005678227236492323
0.0061352805655312094
-0.0014714076008891966
-0.006432153946369434
-0.004674781832549624
-0.008173409251874387
-0.009102430756755518
-0.0032191490745048304
-0.0054311939643675155
-0.008907679704917638
-0.0025353331715395402
-0.005351218369108815
-0.006357760066822557
0.007095170888461111
-0.0008387948527286233
-0.0038515010784254747
0.001459833692991641
-0.005115043481932481
-0.005048566475958313
-0.0012768614888539367
-0.00018705027559463706
-0.0016122366600668028
0.003820200611731616
-0.00031461666559541915
-0.0022895158174344016
0.00574007870222967
-0.0002867956215055953
-0.0015050342521318793
0.0023865669756785723
-0.001952089152161243
-0.0038161963304866814
0.0033937876852554484
-0.00031409089397269345
-0.0019909457378041303
0.004385565530970514
-0.0002867956215055953
-0.0015050342521318793
-0.00010586595762661057
-0.00011259393424020256
-0.0002782502316007765
0.003808795059223198
-0.00010333403588677558
-0.0007330313846768577
0.003920719925806183
-0.00015355203183025436
-0.0007833579215423148
0.004424114953328345
-0.00015355203183025436
-0.000474648153294954
-0.0013575757608869376
-0.008296622259787235
-0.006606449794481918
0.003324049340098343
-0.0001037733546333067
-0.00041355097517165816
0.003324049340098343
-0.0001037733546333067
-0.00041355097517165816
0.0005680685570054024
-0.0046856641089060985
-0.0019839384649221387
0.004670649174109389
-0.00012704061837805636
-0.00037870907773732745
0.004529980910954955
-4.0958097590051786e-05
-0.0001963979216941775
-0.011829476628199827
-0.011846693713329023
-0.01154154100127938
-0.006039227803073617
-0.00468375736873465
-0.0032294524684253175
-0.03591523344228904
-0.025261946463134295
-0.023608264568488125
-0.0304925927647164
-0.021200375185414358
-0.019229498735556197
-0.02479827061237537
-0.015796839856567838
-0.014255848770227526
-0.0022139953237761325
-0.0013845234907866536
-0.005520515234989272
-0.0011321110521330805
0.00019064587532436348
0.026540544020662225
7.385943485662682e-05
0.001547464643341856
0.046740902163300714
-0.0018760704578633738
-0.0008123490306476136
0.001984681867647401
0.0001375089292583571
0.0016375625555103052
0.04514160449826408
0.0008443914906786252
0.0017360857784955031
0.045088103964086995
0.0006219840625951702
0.0019516949754615391
0.045987113163455495
6.581581156486619e-06
0.0010433234263583127
0.028723440011631043
0.0007839530431632382
0.001933176734154992
0.04454683769111853
0.002013579387121731
0.002449911586157918
0.043156922630616705
0.0010458231740627282
0.001040535470208403
0.02205907316446188
-0.000557862704699286
-0.0003910194923262682
0.012054667587066479
-0.0013265495979622084
-0.0007784001828376325
0.010359109636415217
-0.003980631801120229
-0.004060567997861632
-0.006203877611835795
-0.005318272157542327
-0.005364112367322525
-0.007881405435769867
-0.009099934852315514
-0.008744341785059158
-0.009232882540337217
-0.010088673493004912
-0.00982177560517102
-0.010998032178519229
-0.0020932874914975264
-0.002453624634145192
-0.003594401078581685
-0.0028127572749944763
-0.0029979868850512617
-0.005003637563142837
-0.007170965235163974
-0.007000094527559914
-0.0064556907695786335
-0.008011434773741574
-0.007711216279801029
-0.00784542107955281
-0.0010449530845488691
-0.001196810292931987
-0.000967400692168981
-0.00154516640959075
-0.0019258333433486616
-0.002245903612317078
-0.0051682455151953344
-0.005278596702085885
-0.003188514191529731
-0.006134861304262019
-0.006191482325145149
-0.004930446214305207
-0.0029737121466126026
-0.0029649779843190054
-0.0016857505007869468
-0.0034540732253283716
-0.0035561033014574715
-0.0019308090274019057
-0.003220264358947471
-0.0034233005839441055
-0.0012567592933085336
-0.004000105906281335
-0.004373907004345217
-0.0020029529457990056
-0.0023654540532126473
-0.002588952972871586
-0.001274275633998673
-0.0024457243945290716
-0.0028389305208001256
-0.0006014121554234226
-0.001199694599779449
-0.0012716377402847499
-0.0002218716513027689
-0.0016446443706251254
-0.0019873199466879867
-0.0005080058436220228
-0.0012283273191814248
-0.0013348426152405776
0.00020133483367774474
-0.0016980366324286095
-0.0021936668286185184
3.0152269466154223e-05
0.0
0.0
0.0
-0.00030481582326283995
-0.0003877302635834472
7.588413984409389e-05
0.0
0.0
0.0
-0.00030481582326283995
-0.0003877302635834472
0.0004673100561451492
-0.0051193030511952845
-0.004683773787197521
-0.0030290049285014438
-0.005198677498747098
-0.004713229394749762
-0.002841783516409981
-0.00477040133546258
-0.004457663237848498
-0.003116626742749371
-0.005077677743666446
-0.004546469893414718
-0.0028612896909969423
-0.00458969489467127
-0.004265648981796483
-0.002684542601988128
-0.0019303253819744762
-0.0005842139857247593
-0.004454547564054001
-0.0011316498128052977
-0.0001833941150882592
-0.005131959160120354
-0.0007867464805330049
3.900644776439602e-05
0.008839852003014506
0.0008676514394246511
0.002081760773245668
0.041960972197226186
0.0008995174804518617
0.0019433901028166837
0.04280476731616751
0.000765171519819083
0.0019271545846776808
0.03857325583160346
0.0005122198688338321
0.0016778695385865773
0.029204429109450963
0.0007829103017632135
0.002048133111765698
0.037309920219671396
-0.0002486582901816943
0.0002556426205548166
0.012075163795341641
0.001654397919957656
0.0020427543254812716
0.03312112019421163
0.0004927127575560003
0.0017613566667359355
0.03751139659304844
0.0007413710477376945
0.0015057140461811188
0.025436232797706796
0.0007773714620067512
0.0008898533077966795
0.0158233976794874
0.0012059704869897075
0.0013568187680174926
0.020200358142638365
-8.110618105815783e-05
2.092529828329076e-05
0.013249651394294466
0.00014773710358458248
0.00016999367960312764
0.012382392308758374
-0.0005460326809529624
-0.0008178037028877434
-7.214391839709908e-05
-0.0005574033860029019
-0.00015324655073652556
-0.0036749583120047648
-0.00013434596063277874
-1.6235518139003013e-05
-0.004231511484563966
0.0005755599785028126
0.0017405485031889776
0.03655900607800276
0.0005755599785028126
0.0017274419938481966
0.03439474779870681
-0.004123292430646467
-0.004081786409153895
-0.0022211134993607475
0.0005661866339743415
0.0016481468896248953
0.02989698579913596
0.000625406991857938
0.0018083868695835728
0.033935220466578764
0.0
0.0
0.0
0.0
0.0
0.0
0.00024195208914448322
0.0002420439962505579
0.011058971896026002
-8.027034131642426e-05
-0.00024997754792853894
0.0006728634785752503
-0.0002465522123348687
-0.00045832259962510027
0.0004289912074784126
-5.339226180348408e-05
-0.00020634688193053245
0.0005381581130881769
-0.00015330381667259373
0.0
0.0006506332282718985
-1.3637305195349778e-05
0.000657104871324125
0.015153821367541105
0.000493655420798331
0.0017384875147443862
0.03203221711211231
0.0005072927259936809
0.0010813826434202614
0.016878395744571183
0.00027069043292938133
0.0003702635731791208
0.008105491110220457
0.0005236545448523066
0.00040477806694396904
0.00831206239413481
-2.8632719401975673e-05
-6.32048749558278e-05
0.0004232064849805139
0.0
0.0
0.0
0.0
0.0
0.0
-0.001433633636053043
-0.001637472486565824
-0.0015266805130522785
-0.019928358310376846
-0.012531610508363256
-0.011741947536941237
0.0004244133256597927
0.0016661320132455735
0.0264874757383248
0.0004244133256597927
0.0016661320132455735
0.0264874757383248
0.00045281199835652046
0.001513176757596324
0.02191353342347616
0.00045281199835652046
0.001513176757596324
0.02191353342347616
0.000144891056172904
0.000420749240885198
0.012031425895394793
0.00035799533419262274
0.0011438521291475096
0.018529410051803245
0.00021310427801971878
0.0007231028882623115
0.006497984156408466
5.9220357883596367e-05
0.00016023997995867755
0.004038234667442808
0.00011192486658298475
-5.021799594347876e-05
-5.032653686545708e-05
-0.010591923484982557
-0.00670200165098519
-0.002555618104450321
0.0
0.0
0.00039142591630105515
-0.0002732433202869611
-9.434384964205817e-05
-0.0009407438180335331
-8.220336175535472e-05
-0.00015105243366178326
-0.00036876290651233695
-0.0001114829450773458
-0.00010520695383105192
-8.578023092410127e-05
-0.00021813891309826517
0.0
-0.00011465870593576675
0.0017367985379603864
-5.212447673949718e-05
-5.279256628966813e-05
0.0023504201504684448
-5.212447673949718e-05
-0.00010311910315512522
6.06504011905127e-05
0.0
0.0
0.0016131326679648295
2.6265493108093807e-05
-5.279256628966813e-05
0.0007875039158815591
2.6265493108093807e-05
0.0
0.0007875039158815591
2.6265493108093807e-05
0.0
0.0015524822667743166
2.6265493108093807e-05
-5.279256628966813e-05
0.00017731349885913284
0.0
0.0
0.00025098192986041675
0.0
0.0
0.0006136216125080593
0.0
-5.032653686545708e-05
2.2823391522305416e-05
0.0
0.0
0.00011370837654337011
0.0
0.0
9.088498502106468e-05
0.0
0.0
8.121255143759445e-05
0.0
0.0
8.121255143759445e-05
0.0
0.0
7.366843100128388e-05
0.0
0.0
-0.005635337195469471
-0.004276248629203857
-0.0011970653975328374
-0.0013545131712591554
0.0
0.0
0.00033499595791944617
0.00036885574770256167
0.004573967511373235
0.0
0.0
0.0
0.00043087862568381074
0.0008145017779768694
0.009851492692430262
0.00043087862568381074
0.0008145017779768694
0.009851492692430262
0.0
0.0
0.0
0.0
0.0
0.0
0.0
-1.3106509340780904e-05
-0.0021642582792959723
0.0
0.00041622847741538537
0.0029134143260135504
0.0
0.00041622847741538537
0.0029134143260135504
0.0
0.0
0.0
0.0
0.0
0.0
0.0
0.0
0.0
0.0
0.0
0.0
0.0
0.0
0.0
0.0
0.0
0.0
0.0
0.0
0.0
0.0
0.0
0.0
0.0
0.0
0.0
0.0
0.0
0.0
0.0
0.0
0.0
0.0
0.0
0.0
0.0
0.0
0.0
0.0
0.0
0.0
0.0
0.0
0.0
0.0
0.0
0.0
0.0
0.0
0.0
0.0
0.0
0.0
0.0
0.0
0.0
0.0
0.0
0.0
0.0
0.0
0.0
0.0
0.0
0.0
0.0
0.0
0.0
0.0
0.0
0.0
0.0
0.0
0.0
0.0
0.0
0.0
0.0
0.0
0.0
0.0
0.0
0.0
0.0
0.0
0.0
0.0
0.0
0.0
0.0
0.0
0.0
0.0
0.0
0.0
0.0
0.0
0.0
0.0
0.0
0.0
0.0
0.0
0.0
0.0
0.0
0.0
0.0
0.0
0.0
0.0
0.0
0.0
0.0
0.0
0.0
0.0
0.0
0.0
0.0
0.0
0.0
0.0
0.0
0.0
0.0
0.0
0.0
0.0
0.0
0.0
0.0
0.0
0.0
0.0
0.0
0.0
0.0
0.0
0.0
0.0
0.0
0.0
0.0
0.0
0.0
0.0
0.0
0.0
0.0
0.0
0.0
0.0
0.0
0.0
0.0
0.0
0.0
0.0
0.0
0.0
0.0
0.0
0.0
0.0
0.0
0.0
0.0
0.0
0.0
0.0
0.0
0.0
0.0
0.0
0.0
0.0
0.0
0.0
0.0
0.0
0.0
0.0
0.0
0.0
0.0
0.0
0.0
0.0
0.0
0.0
0.0
0.0
0.0
0.0
0.0
0.0
0.0
0.0
0.0
0.0
0.0
0.0
0.0
0.0
0.0
0.0
0.0
0.0
0.0
0.0
0.0
0.0
0.0
0.0
0.0
0.0
0.0
0.0
0.0
0.0
0.0
0.0
0.0
0.0
0.0
0.0
0.0
0.0
0.0
0.0
0.0
0.0
0.0
0.0
0.0
0.0
0.0
0.0
0.0
0.0
0.0
0.0
0.0
0.0
0.0
0.0
0.0
0.0
0.0
0.0
0.0
0.0
0.0
0.0
0.0
0.0
0.0
0.0
0.0
0.0
0.0
0.0
0.0
0.0
0.0
0.0
0.0
0.0
0.0
0.0
0.0
0.0
0.0
0.0
0.0
0.0
0.0
0.0
0.0
0.0
0.0
0.0
0.0
0.0
0.0
0.0
0.0
0.0
0.0
0.0
0.0
0.0
0.0
0.0
0.0
0.0
0.0
0.0
0.0
0.0
0.0
0.0
0.0
0.0
0.0
0.0
0.0
0.0
0.0
0.0
0.0
0.0
0.0
0.0
0.0
0.0
0.0
0.0
0.0
0.0
0.0
0.0
0.0
0.0
0.0
0.0
0.0
0.0
0.0
0.0
0.0
0.0
0.0
0.0
0.0
0.0
0.0
0.0
0.0
0.0
0.0
0.0
0.0
0.0
0.0
0.0
0.0
0.0
0.0
0.0
0.0
0.0
0.0
0.0
0.0
0.0
0.0
0.0
0.0
0.0
0.0
0.0
0.0
0.0
0.0
0.0
0.0
0.0
0.0
0.0
0.0
0.0
0.0
0.0
0.0
0.0
0.0
0.0
0.0
0.0
0.0
0.0
0.0
0.0
0.0
0.0
0.0
0.0
0.0
0.0
0.0
0.0
0.0
0.0
0.0
0.0
0.0
0.0
0.0
0.0
0.0
0.0
0.0
0.0
0.0
0.0
0.0
0.0
0.0
0.0
0.0
0.0
0.0
0.0
0.0
0.0
0.0
0.0
0.0
0.0
0.0
0.0
0.0
0.0
0.0
0.0
0.0
0.0
0.0
0.0
0.0
0.0
0.0
0.0
0.0
0.0
0.0
0.0
0.0
0.0
0.0
0.0
0.0
0.0
0.0
0.0
0.0
0.0
0.0
0.0
0.0
0.0
0.0
0.0
0.0
0.0
0.0
0.0
0.0
0.0
0.0
0.0
0.0
0.0
0.0
0.0
0.0
0.0
0.0
0.0
0.0
0.0
0.0
0.0
0.0
0.0
0.0
0.0
0.0
0.0
0.0
0.0
0.0
0.0
0.0
0.0
0.0
0.0
0.0
0.0
0.0
0.0
0.0
0.0
0.0
0.0
0.0
0.0
0.0
0.0
0.0
0.0
0.0
0.0
0.0
0.0
0.0
0.0
0.0
0.0
0.0
0.0
0.0
0.0
0.0
0.0
0.0
0.0
0.0
0.0
0.0
0.0
0.0
0.0
0.0
0.0
0.0
0.0
0.0
0.0
0.0
0.0
0.0
0.0
0.0
0.0
0.0
0.0
0.0
0.0
0.0
0.0
0.0
0.0
0.0
0.0
0.0
0.0
0.0
0.0
0.0
0.0
0.0
0.0
0.0
0.0
0.0
0.0
0.0
0.0
0.0
0.0
0.0
0.0
0.0
0.0
0.0
0.0
0.0
0.0
0.0
0.0
0.0
0.0
0.0
0.0
0.0
0.0
0.0
0.0
0.0
0.0
0.0
0.0
0.0
0.0
0.0
0.0
0.0
0.0
0.0
0.0
0.0
0.0
0.0
0.0
0.0
0.0
0.0
0.0
0.0
0.0
0.0
0.0
0.0
0.0
0.0
0.0
0.0
0.0
0.0
0.0
0.0
0.0
0.0
0.0
0.0
0.0
0.0
0.0
0.0
0.0
0.0
0.0
0.0
0.0
0.0
0.0
0.0
0.0
0.0
0.0
0.0
0.0
0.0
0.0
0.0
0.0
0.0
0.0
0.0
0.0
0.0
0.0
0.0
0.0
0.0
0.0
0.0
0.0
0.0
0.0
0.0
0.0
0.0
0.0
0.0
0.0
0.0
0.0
0.0
0.0
0.0
0.0
0.0
0.0
0.0
0.0
0.0
0.0
0.0
0.0
0.0
0.0
0.0
0.0
0.0
0.0
0.0
0.0
0.0
0.0
0.0
0.0
0.0
0.0
0.0
0.0
0.0
0.0
0.0
0.0
0.0
0.0
0.0
0.0
0.0
0.0
0.0
0.0
0.0
0.0
0.0
0.0
0.0
0.0
0.0
0.0
0.0
0.0
0.0
0.0
0.0
0.0
0.0
0.0
0.0
0.0
0.0
0.0
0.0
0.0
0.0
0.0
0.0
0.0
0.0
0.0
0.0
0.0
0.0
0.0
0.0
0.0
0.0
0.0
0.0
0.0
0.0
0.0
0.0
0.0
0.0
0.0
0.0
0.0
0.0
0.0
0.0
0.0
0.0
0.0
0.0
0.0
0.0
0.0
0.0
0.0
0.0
0.0
0.0
0.0
0.0
0.0
0.0
0.0
0.0
0.0
0.0
0.0
0.0
0.0
0.0
0.0
0.0
0.0
0.0
0.0
0.0
0.0
0.0
0.0
0.0
0.0
0.0
0.0
0.0
0.0
0.0
0.0
0.0
0.0
0.0
0.0
0.0
0.0
0.0
0.0
0.0
0.0
0.0
0.0
0.0
0.0
0.0
0.0
0.0
0.0
0.0
0.0
0.0
0.0
0.0
0.0
0.0
0.0
0.0
0.0
0.0
0.0
0.0
0.0
0.0
0.0
0.0
0.0
0.0
0.0
0.0
0.0
0.0
0.0
0.0
0.0
0.0
0.0
0.0
0.0
0.0
0.0
0.0
0.0
0.0
0.0
0.0
0.0
0.0
0.0
0.0
0.0
0.0
0.0
0.0
0.0
0.0
0.0
0.0
0.0
0.0
0.0
0.0
0.0
0.0
0.0
0.0
0.0
0.0
0.0
0.0
0.0
0.0
0.0
0.0
0.0
0.0
0.0
0.0
0.0
0.0
0.0
0.0
0.0
0.0
0.0
0.0
0.0
0.0
0.0
0.0
0.0
0.0
0.0
0.0
0.0
0.0
0.0
0.0
0.0
0.0
0.0
0.0
0.0
0.0
0.0
0.0
0.0
0.0
0.0
0.0
0.0
0.0
0.0
0.0
0.0
0.0
0.0
0.0
0.0
0.0
0.0
0.0
0.0
0.0
0.0
0.0
0.0
0.0
0.0
0.0
0.0
0.0
0.0
0.0
0.0
0.0
0.0
0.0
0.0
0.0
0.0
0.0
0.0
0.0
0.0
0.0
0.0
0.0
0.0
0.0
0.0
0.0
0.0
0.0
0.0
0.0
0.0
0.0
0.0
0.0
0.0
0.0
0.0
0.0
0.0
0.0
0.0
0.0
0.0
0.0
0.0
0.0
0.0
0.0
0.0
0.0
0.0
0.0
0.0
0.0
0.0
0.0
0.0
0.0
0.0
0.0
0.0
0.0
0.0
0.0
0.0
0.0
0.0
0.0
0.0
0.0
0.0
0.0
0.0
0.0
0.0
0.0
0.0
0.0
0.0
0.0
0.0
0.0
0.0
0.0
0.0
0.0
0.0
0.0
0.0
0.0
0.0
0.0
0.0
0.0
0.0
0.0
0.0
0.0
0.0
0.0
0.0
0.0
0.0
0.0
0.0
0.0
0.0
0.0
0.0
0.0
0.0
0.0
0.0
0.0
0.0
0.0
0.0
0.0
0.0
0.0
0.0
0.0
0.0
0.0
0.0
0.0
0.0
0.0
0.0
0.0
0.0
0.0
0.0
0.0
0.0
0.0
0.0
0.0
0.0
0.0
0.0
0.0
0.0
0.0
0.0
0.0
0.0
0.0
0.0
0.0
0.0
0.0
0.0
0.0
0.0
0.0
0.0
0.0
0.0
0.0
0.0
0.0
0.0
0.0
0.0
0.0
0.0
0.0
0.0
0.0
0.0
0.0
0.0
0.0
0.0
0.0
0.0
0.0
0.0
0.0
0.0
0.0
0.0
0.0
0.0
0.0
0.0
0.0
0.0
0.0
0.0
0.0
0.0
0.0
0.0
0.0
0.0
0.0
0.0
0.0
0.0
0.0
0.0
0.0
0.0
0.0
0.0
0.0
0.0
0.0
0.0
0.0
0.0
0.0
0.0
0.0
0.0
0.0
0.0
0.0
0.0
0.0
0.0
0.0
0.0
0.0
0.0
0.0
0.0
0.0
0.0
0.0
0.0
0.0
0.0
0.0
0.0
0.0
0.0
0.0
0.0
0.0
0.0
0.0
0.0
0.0
0.0
0.0
0.0
0.0
0.0
0.0
0.0
0.0
0.0
0.0
0.0
0.0
0.0
0.0
0.0
0.0
0.0
0.0
0.0
0.0
0.0
0.0
0.0
0.0
0.0
0.0
0.0
0.0
0.0
0.0
0.0
0.0
0.0
0.0
0.0
0.0
0.0
0.0
0.0
0.0
0.0
0.0
0.0
0.0
0.0
0.0
0.0
0.0
0.0
0.0
0.0
0.0
0.0
0.0
0.0
0.0
0.0
0.0
0.0
0.0
0.0
0.0
0.0
0.0
0.0
0.0
0.0
0.0
0.0
0.0
0.0
0.0
0.0
0.0
0.0
0.0
0.0
0.0
0.0
0.0
0.0
0.0
0.0
0.0
0.0
0.0
0.0
0.0
0.0
0.0
0.0
0.0
0.0
0.0
0.0
0.0
0.0
0.0
0.0
0.0
0.0
0.0
0.0
0.0
0.0
0.0
0.0
0.0
0.0
0.0
0.0
0.0
0.0
0.0
0.0
0.0
0.0
0.0
0.0
0.0
0.0
0.0
0.0
0.0
0.0
0.0
0.0
0.0
0.0
0.0
0.0
0.0
0.0
0.0
0.0
0.0
0.0
0.0
0.0
0.0
0.0
0.0
0.0
0.0
0.0
0.0
0.0
0.0
0.0
0.0
0.0
0.0
0.0
0.0
0.0
0.0
0.0
0.0
0.0
0.0
0.0
0.0
0.0
0.0
0.0
0.0
0.0
0.0
0.0
0.0
0.0
0.0
0.0
0.0
0.0
0.0
0.0
0.0
0.0
0.0
0.0
0.0
0.0
0.0
0.0
0.0
0.0
0.0
0.0
0.0
0.0
0.0
0.0
0.0
0.0
0.0
0.0
0.0
0.0
0.0
0.0
0.0
0.0
0.0
0.0
0.0
0.0
0.0
0.0
0.0
0.0
0.0
0.0
0.0
0.0
0.0
0.0
0.0
0.0
0.0
0.0
0.0
0.0
0.0
0.0
0.0
0.0
0.0
0.0
0.0
0.0
0.0
0.0
0.0
0.0
0.0
0.0
0.0
0.0
0.0
0.0
0.0
0.0
0.0
0.0
0.0
0.0
0.0
0.0
0.0
0.0
0.0
0.0
0.0
0.0
0.0
0.0
0.0
0.0
0.0
0.0
0.0
0.0
0.0
0.0
0.0
0.0
0.0
0.0
0.0
0.0
0.0
0.0
0.0
0.0
0.0
0.0
0.0
0.0
0.0
0.0
0.0
0.0
0.0
0.0
0.0
0.0
0.0
0.0
0.0
0.0
0.0
0.0
0.0
0.0
0.0
0.0
0.0
0.0
0.0
0.0
0.0
0.0
0.0
0.0
0.0
0.0
0.0
0.0
0.0
0.0
0.0
0.0
0.0
0.0
0.0
0.0
0.0
0.0
0.0
0.0
0.0
0.0
0.0
0.0
0.0
0.0
0.0
0.0
0.0
0.0
0.0
0.0
0.0
0.0
0.0
0.0
0.0
0.0
0.0
0.0
0.0
0.0
0.0
0.0
0.0
0.0
0.0
0.0
0.0
0.0
0.0
0.0
0.0
0.0
0.0
0.0
0.0
0.0
0.0
0.0
0.0
0.0
0.0
0.0
0.0
0.0
0.0
0.0
0.0
0.0
0.0
0.0
0.0
0.0
0.0
0.0
0.0
0.0
0.0
0.0
0.0
0.0
0.0
0.0
0.0
0.0
0.0
0.0
0.0
0.0
0.0
0.0
0.0
0.0
0.0
0.0
0.0
0.0
0.0
0.0
0.0
0.0
0.0
0.0
0.0
0.0
0.0
0.0
0.0
0.0
0.0
0.0
0.0
0.0
0.0
0.0
0.0
0.0
0.0
0.0
0.0
0.0
0.0
0.0
0.0
0.0
0.0
0.0
0.0
0.0
0.0
0.0
0.0
0.0
0.0
0.0
0.0
0.0
0.0
0.0
0.0
0.0
0.0
0.0
0.0
0.0
0.0
0.0
0.0
0.0
0.0
0.0
0.0
0.0
0.0
0.0
0.0
0.0
0.0
0.0
0.0
0.0
0.0
0.0
0.0
0.0
0.0
0.0
0.0
0.0
0.0
0.0
0.0
0.0
0.0
0.0
0.0
0.0
0.0
0.0
0.0
0.0
0.0
0.0
0.0
0.0
0.0
0.0
0.0
0.0
0.0
0.0
0.0
0.0
0.0
0.0
0.0
0.0
0.0
0.0
0.0
0.0
0.0
0.0
0.0
0.0
0.0
0.0
0.0
0.0
0.0
0.0
0.0
0.0
0.0
0.0
0.0
0.0
0.0
0.0
0.0
0.0
0.0
0.0
0.0
0.0
0.0
0.0
0.0
0.0
0.0
0.0
0.0
0.0
0.0
0.0
0.0
0.0
0.0
0.0
0.0
0.0
0.0
0.0
0.0
0.0
0.0
0.0
0.0
0.0
0.0
0.0
0.0
0.0
0.0
0.0
0.0
0.0
0.0
0.0
0.0
0.0
0.0
0.0
0.0
0.0
0.0
0.0
0.0
0.0
0.0
0.0
0.0
0.0
0.0
0.0
0.0
0.0
0.0
0.0
0.0
0.0
0.0
0.0
0.0
0.0
0.0
0.0
0.0
0.0
0.0
0.0
0.0
0.0
0.0
0.0
0.0
0.0
0.0
0.0
0.0
0.0
0.0
0.0
0.0
0.0
0.0
0.0
0.0
0.0
0.0
0.0
0.0
0.0
0.0
0.0
0.0
0.0
0.0
0.0
0.0
0.0
0.0
0.0
0.0
0.0
0.0
0.0
0.0
0.0
0.0
0.0
0.0
0.0
0.0
0.0
0.0
0.0
0.0
0.0
0.0
0.0
0.0
0.0
0.0
0.0
0.0
0.0
0.0
0.0
0.0
0.0
0.0
0.0
0.0
0.0
0.0
0.0
0.0
0.0
0.0
0.0
0.0
0.0
0.0
0.0
0.0
0.0
0.0
0.0
0.0
0.0
0.0
0.0
0.0
0.0
0.0
0.0
0.0
0.0
0.0
0.0
0.0
0.0
0.0
0.0
0.0
0.0
0.0
0.0
0.0
0.0
0.0
0.0
0.0
0.0
0.0
0.0
0.0
0.0
0.0
0.0
0.0
0.0
0.0
0.0
0.0
0.0
0.0
0.0
0.0
0.0
0.0
0.0
0.0
0.0
0.0
0.0
0.0
0.0
0.0
0.0
0.0
0.0
0.0
0.0
0.0
0.0
0.0
0.0
0.0
0.0
0.0
0.0
0.0
0.0
0.0
0.0
0.0
0.0
0.0
0.0
0.0
0.0
0.0
0.0
0.0
0.0
0.0
0.0
0.0
0.0
0.0
0.0
0.0
0.0
0.0
0.0
0.0
0.0
0.0
0.0
0.0
0.0
0.0
0.0
0.0
0.0
0.0
0.0
0.0
0.0
0.0
0.0
0.0
0.0
0.0
0.0
0.0
0.0
0.0
0.0
0.0
0.0
0.0
0.0
0.0
0.0
0.0
0.0
0.0
0.0
0.0
0.0
0.0
0.0
0.0
0.0
0.0
0.0
0.0
0.0
0.0
0.0
0.0
0.0
0.0
0.0
0.0
0.0
0.0
0.0
0.0
0.0
0.0
0.0
0.0
0.0
0.0
0.0
0.0
0.0
0.0
0.0
0.0
0.0
0.0
0.0
0.0
0.0
0.0
0.0
0.0
0.0
0.0
0.0
0.0
0.0
0.0
0.0
0.0
0.0
0.0
0.0
0.0
0.0
0.0
0.0
0.0
0.0
0.0
0.0
0.0
0.0
0.0
0.0
0.0
0.0
0.0
0.0
0.0
0.0
0.0
0.0
0.0
0.0
0.0
0.0
0.0
0.0
0.0
0.0
0.0
0.0
0.0
0.0
0.0
0.0
0.0
0.0
0.0
0.0
0.0
0.0
0.0
0.0
0.0
0.0
0.0
0.0
0.0
0.0
0.0
0.0
0.0
0.0
0.0
0.0
0.0
0.0
0.0
0.0
0.0
0.0
0.0
0.0
0.0
0.0
0.0
0.0
0.0
0.0
0.0
0.0
0.0
0.0
0.0
0.0
0.0
0.0
0.0
0.0
0.0
0.0
0.0
0.0
0.0
0.0
0.0
0.0
0.0
0.0
0.0
0.0
0.0
0.0
0.0
0.0
0.0
0.0
0.0
0.0
0.0
0.0
0.0
0.0
0.0
0.0
0.0
0.0
0.0
0.0
0.0
0.0
0.0
0.0
0.0
0.0
0.0
0.0
0.0
0.0
0.0
0.0
0.0
0.0
0.0
0.0
0.0
0.0
0.0
0.0
0.0
0.0
0.0
0.0
0.0
0.0
0.0
0.0
0.0
0.0
0.0
0.0
0.0
0.0
0.0
0.0
0.0
0.0
0.0
0.0
0.0
0.0
0.0
0.0
0.0
0.0
0.0
0.0
0.0
0.0
0.0
0.0
0.0
0.0
0.0
0.0
0.0
0.0
0.0
0.0
0.0
0.0
0.0
0.0
0.0
0.0
0.0
0.0
0.0
0.0
0.0
0.0
0.0
0.0
0.0
0.0
0.0
0.0
0.0
0.0
0.0
0.0
0.0
0.0
0.0
0.0
0.0
0.0
0.0
0.0
0.0
0.0
0.0
0.0
0.0
0.0
0.0
0.0
0.0
0.0
0.0
0.0
0.0
0.0
0.0
0.0
0.0
0.0
0.0
0.0
0.0
0.0
0.0
0.0
0.0
0.0
0.0
0.0
0.0
0.0
0.0
0.0
0.0
0.0
0.0
0.0
0.0
0.0
0.0
0.0
0.0
0.0
0.0
0.0
0.0
0.0
0.0
0.0
0.0
0.0
0.0
0.0
0.0
0.0
0.0
0.0
0.0
0.0
0.0
0.0
0.0
0.0
0.0
0.0
0.0
0.0
0.0
0.0
0.0
0.0
0.0
0.0
0.0
0.0
0.0
0.0
0.0
0.0
0.0
0.0
0.0
0.0
0.0
0.0
0.0
0.0
0.0
0.0
0.0
0.0
0.0
0.0
0.0
0.0
0.0
0.0
0.0
0.0
0.0
0.0
0.0
0.0
0.0
0.0
0.0
0.0
0.0
0.0
0.0
0.0
0.0
0.0
0.0
0.0
0.0
0.0
0.0
0.0
0.0
0.0
0.0
0.0
0.0
0.0
0.0
0.0
0.0
0.0
0.0
0.0
0.0
0.0
0.0
0.0
0.0
0.0
0.0
0.0
0.0
0.0
0.0
0.0
0.0
0.0
0.0
0.0
0.0
0.0
0.0
0.0
0.0
0.0
0.0
0.0
0.0
0.0
0.0
0.0
0.0
0.0
0.0
0.0
0.0
0.0
0.0
0.0
0.0
0.0
0.0
0.0
0.0
0.0
0.0
0.0
0.0
0.0
0.0
0.0
0.0
0.0
0.0
0.0
0.0
0.0
0.0
0.0
0.0
0.0
0.0
0.0
0.0
0.0
0.0
0.0
0.0
0.0
0.0
0.0
0.0
0.0
0.0
0.0
0.0
0.0
0.0
0.0
0.0
0.0
0.0
0.0
0.0
0.0
0.0
0.0
0.0
0.0
0.0
0.0
0.0
0.0
0.0
0.0
0.0
0.0
0.0
0.0
0.0
0.0
0.0
0.0
0.0
0.0
0.0
0.0
0.0
0.0
0.0
0.0
0.0
0.0
0.0
0.0
0.0
0.0
0.0
0.0
0.0
0.0
0.0
0.0
0.0
0.0
0.0
0.0
0.0
0.0
0.0
0.0
0.0
0.0
0.0
0.0
0.0
0.0
0.0
0.0
0.0
0.0
0.0
0.0
0.0
0.0
0.0
0.0
0.0
0.0
0.0
0.0
0.0
0.0
0.0
0.0
0.0
0.0
0.0
0.0
0.0
0.0
0.0
0.0
0.0
0.0
0.0
0.0
0.0
0.0
0.0
0.0
0.0
0.0
0.0
0.0
0.0
0.0
0.0
0.0
0.0
0.0
0.0
0.0
0.0
0.0
0.0
0.0
0.0
0.0
0.0
0.0
0.0
0.0
0.0
0.0
0.0
0.0
0.0
0.0
0.0
0.0
0.0
0.0
0.0
0.0
0.0
0.0
0.0
0.0
0.0
0.0
0.0
0.0
0.0
0.0
0.0
0.0
0.0
0.0
0.0
0.0
0.0
0.0
0.0
0.0
0.0
0.0
0.0
0.0
0.0
0.0
0.0
0.0
0.0
0.0
0.0
0.0
0.0
0.0
0.0
0.0
0.0
0.0
0.0
0.0
0.0
0.0
0.0
0.0
0.0
0.0
0.0
0.0
0.0
0.0
0.0
0.0
0.0
0.0
0.0
0.0
0.0
0.0
0.0
0.0
0.0
0.0
0.0
0.0
0.0
0.0
0.0
0.0
0.0
0.0
0.0
0.0
0.0
0.0
0.0
0.0
0.0
0.0
0.0
0.0
0.0
0.0
0.0
0.0
0.0
0.0
0.0
0.0
0.0
0.0
0.0
0.0
0.0
0.0
0.0
0.0
0.0
0.0
0.0
0.0
0.0
0.0
0.0
0.0
0.0
0.0
0.0
0.0
0.0
0.0
0.0
0.0
0.0
0.0
0.0
0.0
0.0
0.0
0.0
0.0
0.0
0.0
0.0
0.0
0.0
0.0
0.0
0.0
0.0
0.0
0.0
0.0
0.0
0.0
0.0
0.0
0.0
0.0
0.0
0.0
0.0
0.0
0.0
0.0
0.0
0.0
0.0
0.0
0.0
0.0
0.0
0.0
0.0
0.0
0.0
0.0
0.0
0.0
0.0
0.0
0.0
0.0
0.0
0.0
0.0
0.0
0.0
0.0
0.0
0.0
0.0
0.0
0.0
0.0
0.0
0.0
0.0
0.0
0.0
0.0
0.0
0.0
0.0
0.0
0.0
0.0
0.0
0.0
0.0
0.0
0.0
0.0
0.0
0.0
0.0
0.0
0.0
0.0
0.0
0.0
0.0
0.0
0.0
0.0
0.0
0.0
0.0
0.0
0.0
0.0
0.0
0.0
0.0
0.0
0.0
0.0
0.0
0.0
0.0
0.0
0.0
0.0
0.0
0.0
0.0
0.0
0.0
0.0
0.0
0.0
0.0
0.0
0.0
0.0
0.0
0.0
0.0
0.0
0.0
0.0
0.0
0.0
0.0
0.0
0.0
0.0
0.0
0.0
0.0
0.0
0.0
0.0
0.0
0.0
0.0
0.0
0.0
0.0
0.0
0.0
0.0
0.0
0.0
0.0
0.0
0.0
0.0
0.0
0.0
0.0
0.0
0.0
0.0
0.0
0.0
0.0
0.0
0.0
0.0
0.0
0.0
0.0
0.0
0.0
0.0
0.0
0.0
0.0
0.0
0.0
0.0
0.0
0.0
0.0
0.0
0.0
0.0
0.0
0.0
0.0
0.0
0.0
0.0
0.0
0.0
0.0
0.0
0.0
0.0
0.0
0.0
0.0
0.0
0.0
0.0
0.0
0.0
0.0
0.0
0.0
0.0
0.0
0.0
0.0
0.0
0.0
0.0
0.0
0.0
0.0
0.0
0.0
0.0
0.0
0.0
0.0
0.0
0.0
0.0
0.0
0.0
0.0
0.0
0.0
0.0
0.0
0.0
0.0
0.0
0.0
0.0
0.0
0.0
0.0
0.0
0.0
0.0
0.0
0.0
0.0
0.0
0.0
0.0
0.0
0.0
0.0
0.0
0.0
0.0
0.0
0.0
0.0
0.0
0.0
0.0
0.0
0.0
0.0
0.0
0.0
0.0
0.0
0.0
0.0
0.0
0.0
0.0
0.0
0.0
0.0
0.0
0.0
0.0
0.0
0.0
0.0
0.0
0.0
0.0
0.0
0.0
0.0
0.0
0.0
0.0
0.0
0.0
0.0
0.0
0.0
0.0
0.0
0.0
0.0
0.0
0.0
0.0
0.0
0.0
0.0
0.0
0.0
0.0
0.0
0.0
0.0
0.0
0.0
0.0
0.0
0.0
0.0
0.0
0.0
0.0
0.0
0.0
0.0
0.0
0.0
0.0
0.0
0.0
0.0
0.0
0.0
0.0
0.0
0.0
0.0
0.0
0.0
0.0
0.0
0.0
0.0
0.0
0.0
0.0
0.0
0.0
0.0
0.0
0.0
0.0
0.0
0.0
0.0
0.0
0.0
0.0
0.0
0.0
0.0
0.0
0.0
0.0
0.0
0.0
0.0
0.0
0.0
0.0
0.0
0.0
0.0
0.0
0.0
0.0
0.0
0.0
0.0
0.0
0.0
0.0
0.0
0.0
0.0
0.0
0.0
0.0
0.0
0.0
0.0
0.0
0.0
0.0
0.0
0.0
0.0
0.0
0.0
0.0
0.0
0.0
0.0
0.0
0.0
0.0
0.0
0.0
0.0
0.0
0.0
0.0
0.0
0.0
0.0
0.0
0.0
0.0
0.0
0.0
0.0
0.0
0.0
0.0
0.0
0.0
0.0
0.0
0.0
0.0
0.0
0.0
0.0
0.0
0.0
0.0
0.0
0.0
0.0
0.0
0.0
0.0
0.0
0.0
0.0
0.0
0.0
0.0
0.0
0.0
0.0
0.0
0.0
0.0
0.0
0.0
0.0
0.0
0.0
0.0
0.0
0.0
0.0
0.0
0.0
0.0
0.0
0.0
0.0
0.0
0.0
0.0
0.0
0.0
0.0
0.0
0.0
0.0
0.0
0.0
0.0
0.0
0.0
0.0
0.0
0.0
0.0
0.0
0.0
0.0
0.0
0.0
0.0
0.0
0.0
0.0
0.0
0.0
0.0
0.0
0.0
0.0
0.0
0.0
0.0
0.0
0.0
0.0
0.0
0.0
0.0
0.0
0.0
0.0
0.0
0.0
0.0
0.0
0.0
0.0
0.0
0.0
0.0
0.0
0.0
0.0
0.0
0.0
0.0
0.0
0.0
0.0
0.0
0.0
0.0
0.0
0.0
0.0
0.0
0.0
0.0
0.0
0.0
0.0
0.0
0.0
0.0
0.0
0.0
0.0
0.0
0.0
0.0
0.0
0.0
0.0
0.0
0.0
0.0
0.0
0.0
0.0
0.0
0.0
0.0
0.0
0.0
0.0
0.0
0.0
0.0
0.0
0.0
0.0
0.0
0.0
0.0
0.0
0.0
0.0
0.0
0.0
0.0
0.0
0.0
0.0
0.0
0.0
0.0
0.0
0.0
0.0
0.0
0.0
0.0
0.0
0.0
0.0
0.0
0.0
0.0
0.0
0.0
0.0
0.0
0.0
0.0
0.0
0.0
0.0
0.0
0.0
0.0
0.0
0.0
0.0
0.0
0.0
0.0
0.0
0.0
0.0
0.0
0.0
0.0
0.0
0.0
0.0
0.0
0.0
0.0
0.0
0.0
0.0
0.0
0.0
0.0
0.0
0.0
0.0
0.0
0.0
0.0
0.0
0.0
0.0
0.0
0.0
0.0
0.0
0.0
0.0
0.0
0.0
0.0
0.0
0.0
0.0
0.0
0.0
0.0
0.0
0.0
0.0
0.0
0.0
0.0
0.0
0.0
0.0
0.0
0.0
0.0
0.0
0.0
0.0
0.0
0.0
0.0
0.0
0.0
0.0
0.0
0.0
0.0
0.0
0.0
0.0
0.0
0.0
0.0
0.0
0.0
0.0
0.0
0.0
0.0
0.0
0.0
0.0
0.0
0.0
0.0
0.0
0.0
0.0
0.0
0.0
0.0
0.0
0.0
0.0
0.0
0.0
0.0
0.0
0.0
0.0
0.0
0.0
0.0
0.0
0.0
0.0
0.0
0.0
0.0
0.0
0.0
0.0
0.0
0.0
0.0
0.0
0.0
0.0
0.0
0.0
0.0
0.0
0.0
0.0
0.0
0.0
0.0
0.0
0.0
0.0
0.0
0.0
0.0
0.0
0.0
0.0
0.0
0.0
0.0
0.0
0.0
0.0
0.0
0.0
0.0
0.0
0.0
0.0
0.0
0.0
0.0
0.0
0.0
0.0
0.0
0.0
0.0
0.0
0.0
0.0
0.0
0.0
0.0
0.0
0.0
0.0
0.0
0.0
0.0
0.0
0.0
0.0
0.0
0.0
0.0
0.0
0.0
0.0
0.0
0.0
0.0
0.0
0.0
0.0
0.0
0.0
0.0
0.0
0.0
0.0
0.0
0.0
0.0
0.0
0.0
0.0
0.0
0.0
0.0
0.0
0.0
0.0
0.0
0.0
0.0
0.0
0.0
0.0
0.0
0.0
0.0
0.0
0.0
0.0
0.0
0.0
0.0
0.0
0.0
0.0
0.0
0.0
0.0
0.0
0.0
0.0
0.0
0.0
0.0
0.0
0.0
0.0
0.0
0.0
0.0
0.0
0.0
0.0
0.0
0.0
0.0
0.0
0.0
0.0
0.0
0.0
0.0
0.0
0.0
0.0
0.0
0.0
0.0
0.0
0.0
0.0
0.0
0.0
0.0
0.0
0.0
0.0
0.0
0.0
0.0
0.0
0.0
0.0
0.0
0.0
0.0
0.0
0.0
0.0
0.0
0.0
0.0
0.0
0.0
0.0
0.0
0.0
0.0
0.0
0.0
0.0
0.0
0.0
0.0
0.0
0.0
0.0
0.0
0.0
0.0
0.0
0.0
0.0
0.0
0.0
0.0
0.0
0.0
0.0
0.0
0.0
0.0
0.0
0.0
0.0
0.0
0.0
