2.3170555992771202
2.227345220710556
2.06676867539803
1.8543530856840666
1.6198250225445892
1.4838050532701041
1.343722399505185
1.2095554755062468
1.1098206820767016
1.0482831547978702
0.979066181339693
0.9463903324971724
0.9004479127422814
0.877574698808407
0.8505067080111267
0.8247155346483752
0.7987145030530959
0.7815906452847685
0.7783270230165226
0.7654305284484371
0.747210550832966
0.7377875971112053
0.730953064485595
0.7239611554498714
0.7111105256980573
0.7073271843361376
0.7019848952085466
0.687651598187541
0.6905550208931698
0.6833216591991212
0.6759357736078889
0.6637629855252757
0.6614005228103629
0.6576827277958744
0.6525436926246898
0.6515601381830898
0.6407367572543394
0.6418463679040464
0.6378305836049604
0.6384252449542192
0.625579277565973
0.6255560844118474
0.6223093427014681
0.6251636753085693
0.6168347780723031
0.6129401862803799
0.61281886355312
0.6083146773738675
0.6152219302657738
0.6029073118329288
0.6055228843375988
0.6060981867199522
0.5938911641240627
0.5880293473304132
0.6011851387477439
0.5994273356774027
0.5877653977527069
0.5868821952169556
0.5906399678664553
0.5777142536607379
0.581543576502552
0.57725142068884
0.5819355784468077
0.5755108546789407
0.568743314335096
0.5751418683717161
0.5673176933422313
0.5615554084314599
0.5675180210375165
0.5625301028954939
0.554139151210412
0.5639822211228334
0.554376945268831
0.5537886631534036
0.5642585095757567
0.55216012772004
0.547678119881718
0.5494324960772974
0.5524008791855856
0.5444217496090651
0.5480892963319318
0.5475729193490596
0.5462439909107637
0.5416035924553056
0.5392018062213042
0.5420439030386446
0.538676687559473
0.5363936998449046
0.5443809714584461
0.5268926270034953
0.5298039933564727
0.5231535976636128
0.5306513382128086
0.5381901752501204
0.5352141376583405
0.5264194170633052
0.5329750645122002
0.5352415623790319
0.5292165665020689
0.5203051754131971
0.5275046106360654
